
Column	My(ms)	WAH(ms)	My(MB)	WAH(MB)
loOrderDate	9.42	67.27	1802.44	1014.27
loDiscount	2.24	11.08	300.41	310.10
loQuantity	6.90	37.14	1001.36	1033.66
loSuppCity	5.02	19.49	500.68	516.83
custCity	6.23	20.99	500.68	501.71
partMfgr	12.46	194.62	2002.72	2006.11
Total	42.27	350.60	6108.28	5382.68
RTScanSieve	0.00	0.00	24695.7	3420
RTScanRays	0.00	0.00	2505.57	5396

Case	WAH	RTScan
S11	1.1713	0.9978
S12	0.8459	1.1918
S13	0.7578	1.7910
S21	0.7692	99999.9
S22	0.4184	99999.9
S23	0.2106	99999.9
S31	1.1397	99999.9
S32	1.0168	99999.9
S33	0.8613	99999.9
S34	0.4137	99999.9
S41	0.9251	99999.9
S42	1.5791	99999.9
S43	1.5067	99999.9

Case	Join
SSB11	3.8106
SSB12	2.1513
SSB13	2.0127
SSB21	3.9728
SSB22	3.4294
SSB23	3.2035
SSB31	5.5979
SSB32	4.1191
SSB33	3.2960
SSB34	2.2829
SSB41	6.9450
SSB42	5.4631
SSB43	3.8345

Case	PftNprg	OrsNprg	ChkNprg	PftStg1	PftStg2	PftStg3	OrsStg1	OrsStg2	OrsStg3	ChkStg1	ChkStg2	ChkStg3
SSB11	0.6216	0.9775	1.4765	0.2378	0.1292	0.5813	0.6035	0.1288	0.5811	0.6909	0.1718	1.1582
SSB12	0.1746	0.3908	0.4425	0.1894	0.0515	0.0684	0.4129	0.0517	0.0678	0.4748	0.1207	0.1255
SSB13	0.1238	0.2679	0.2939	0.1573	0.0485	0.0283	0.3203	0.0480	0.0287	0.3856	0.1207	0.0383
SSB21	0.7746	0.9370	1.0982	0.1677	0.0678	0.8090	0.4186	0.0684	0.8084	0.4954	0.1540	0.9779
SSB22	0.2591	0.4627	0.5039	0.1628	0.0542	0.2332	0.3962	0.0544	0.2335	0.4789	0.1328	0.2843
SSB23	0.1238	0.1608	0.2217	0.1403	0.0495	0.0443	0.1748	0.0488	0.0440	0.2583	0.1297	0.0792
SSB31	1.8411	2.1732	2.3321	0.2377	0.2270	1.8836	0.6053	0.2270	1.8829	0.6928	0.2730	1.9870
SSB32	0.3014	0.5537	0.5952	0.2036	0.0538	0.2404	0.4753	0.0538	0.2401	0.5584	0.1246	0.2605
SSB33	0.1701	0.3607	0.3797	0.1764	0.0485	0.0585	0.3902	0.0484	0.0582	0.4471	0.1217	0.0600
SSB34	0.1290	0.3316	0.3339	0.1755	0.0479	0.0199	0.3823	0.0475	0.0195	0.4527	0.1220	0.0224
SSB41	1.6493	1.9250	2.4185	0.2375	0.1066	1.7045	0.6050	0.1067	1.7032	0.6927	0.1770	2.1741
SSB42	0.8086	1.1938	1.3693	0.3020	0.0618	0.7561	0.7868	0.0620	0.7557	0.8847	0.1344	0.9527
SSB43	0.2093	0.5615	0.5901	0.2477	0.0479	0.0389	0.6024	0.0480	0.0390	0.6952	0.1305	0.0471

Case	Perfect	ManyOrs	Candchk
SSB11	0.6186	0.9781	1.4003
SSB12	0.1948	0.4098	0.4552
SSB13	0.1516	0.3030	0.3223
SSB21	0.7681	0.9273	1.0465
SSB22	0.2647	0.4735	0.4961
SSB23	0.1416	0.1785	0.2587
SSB31	1.8343	2.1680	2.1935
SSB32	0.3185	0.5712	0.6028
SSB33	0.1968	0.3872	0.3935
SSB34	0.1511	0.3483	0.3338
SSB41	1.6371	1.9146	2.2672
SSB42	0.8054	1.1834	1.3184
SSB43	0.2336	0.5733	0.5774

Seletiv	Method1	Method2
0.00195	0.2506	0.2566
0.00391	0.3200	0.2990
0.00781	0.4034	0.3748
0.01562	0.5415	0.4964
0.03125	0.7263	0.6625
0.06250	1.2082	1.0673

Skew	BitW	Seletiv	Join	Perfect	ManyOrs	CandChk	PftStg1	PftStg2	PftStg3	OrsStg1	OrsStg2	OrsStg3	ChkStg1	ChkStg2	ChkStg3	WAH
1.04	16	0.00391	4.3453	0.2977	0.6561	0.7196	0.2382	0.0584	0.1848	0.6087	0.0595	0.1859	0.6938	0.1333	0.3690	0.0
1.04	16	0.00781	4.4607	0.3750	0.7402	0.9809	0.2382	0.0690	0.3113	0.6078	0.0697	0.3120	0.6940	0.1559	0.7172	0.0
1.04	16	0.01562	4.5444	0.4977	0.8724	1.3194	0.2387	0.1144	0.4290	0.6091	0.1153	0.4282	0.6940	0.1933	1.0581	0.0
1.04	16	0.03125	4.6270	0.6645	1.0478	1.5844	0.2384	0.1950	0.5751	0.6086	0.1951	0.5756	0.6939	0.2616	1.2975	0.0
1.04	16	0.06250	4.8623	1.0685	1.4584	2.1598	0.2382	0.4996	1.0555	0.6079	0.4993	1.0553	0.6941	0.5172	1.8523	0.0
1.04	32	0.00391	5.6515	0.2979	0.6582	0.7321	0.2363	0.0581	0.1831	0.6079	0.0589	0.1832	0.6939	0.1367	0.3898	1.3668
1.04	32	0.00781	5.9728	0.3746	0.7435	1.0760	0.2362	0.0686	0.3107	0.6079	0.0689	0.3105	0.6940	0.1577	0.8426	1.3597
1.04	32	0.01562	6.1632	0.4965	0.8761	1.4661	0.2370	0.1135	0.4265	0.6093	0.1142	0.4268	0.6939	0.1940	1.2726	1.3688
1.04	32	0.03125	6.2168	0.6625	1.0514	1.7133	0.2365	0.1941	0.5738	0.6084	0.1938	0.5736	0.6939	0.2608	1.5225	1.3685
1.04	32	0.06250	6.1813	1.0679	1.4573	2.2909	0.2363	0.4980	1.0538	0.6079	0.4981	1.0539	0.6934	0.5159	2.0699	1.3555
1.08	16	0.00391	4.1975	0.2856	0.6421	0.6817	0.2382	0.0566	0.1521	0.6079	0.0574	0.1518	0.6938	0.1271	0.2882	0.0
1.08	16	0.00781	4.4274	0.3388	0.7038	0.8312	0.2383	0.0642	0.2655	0.6080	0.0642	0.2650	0.6938	0.1401	0.5323	0.0
1.08	16	0.01562	4.6312	0.4578	0.8288	1.1399	0.2389	0.0969	0.3901	0.6095	0.0970	0.3896	0.6940	0.1744	0.8907	0.0
1.08	16	0.03125	4.7691	0.5989	0.9796	1.7504	0.2394	0.1599	0.5076	0.6104	0.1596	0.5070	0.6940	0.3268	1.4495	0.0
1.08	16	0.06250	4.9558	0.9718	1.3625	2.3401	0.2383	0.4099	0.9399	0.6091	0.4110	0.9415	0.6941	0.6113	2.0357	0.0
1.08	32	0.00391	5.3727	0.2859	0.6452	0.6897	0.2370	0.0569	0.1516	0.6079	0.0571	0.1511	0.6940	0.1322	0.2997	1.3437
1.08	32	0.00781	5.7512	0.3384	0.7066	0.8717	0.2363	0.0641	0.2644	0.6077	0.0642	0.2641	0.6943	0.1437	0.5839	1.3627
1.08	32	0.01562	6.1039	0.4573	0.8334	1.2624	0.2373	0.0973	0.3905	0.6090	0.0974	0.3904	0.6953	0.1770	1.0531	1.3714
1.08	32	0.03125	6.3073	0.5986	0.9836	1.9176	0.2371	0.1591	0.5064	0.6097	0.1590	0.5056	0.6945	0.3274	1.7331	1.3624
1.08	32	0.06250	6.4482	0.9695	1.3615	2.5532	0.2361	0.4086	0.9374	0.6090	0.4096	0.9391	0.6937	0.6106	2.3259	1.3570
1.12	16	0.00391	4.0401	0.2852	0.6417	0.6793	0.2383	0.0566	0.1517	0.6078	0.0574	0.1514	0.6938	0.1280	0.2845	0.0
1.12	16	0.00781	4.2967	0.3367	0.7023	0.8218	0.2382	0.0643	0.2631	0.6079	0.0642	0.2629	0.6940	0.1388	0.5195	0.0
1.12	16	0.01562	4.5703	0.4534	0.8235	1.0841	0.2393	0.0959	0.3864	0.6084	0.0947	0.3858	0.6939	0.1694	0.8381	0.0
1.12	16	0.03125	4.7861	0.5864	0.9663	1.4635	0.2388	0.1523	0.4942	0.6093	0.1522	0.4942	0.6940	0.2257	1.1888	0.0
1.12	16	0.06250	5.0843	0.9026	1.2943	2.4701	0.2382	0.3518	0.8537	0.6080	0.3513	0.8533	0.6938	0.7034	2.1804	0.0
1.12	32	0.00391	5.2091	0.2851	0.6449	0.6879	0.2365	0.0564	0.1510	0.6080	0.0571	0.1508	0.6939	0.1310	0.2962	1.3418
1.12	32	0.00781	5.5737	0.3367	0.7050	0.8600	0.2363	0.0641	0.2624	0.6080	0.0642	0.2620	0.6939	0.1425	0.5661	1.3625
1.12	32	0.01562	5.9384	0.4538	0.8274	1.1965	0.2364	0.0944	0.3861	0.6083	0.0945	0.3854	0.6939	0.1706	0.9754	1.3621
1.12	32	0.03125	6.1867	0.5857	0.9704	1.6055	0.2369	0.1520	0.4944	0.6090	0.1521	0.4938	0.6939	0.2259	1.4138	1.3588
1.12	32	0.06250	6.4642	0.9006	1.2936	2.7823	0.2362	0.3509	0.8535	0.6077	0.3508	0.8530	0.6939	0.7030	2.5531	1.3584
1.16	16	0.00391	3.8844	0.2851	0.6418	0.6790	0.2382	0.0566	0.1508	0.6080	0.0574	0.1510	0.6941	0.1266	0.2837	0.0
1.16	16	0.00781	4.1319	0.3347	0.7004	0.8170	0.2382	0.0640	0.2604	0.6079	0.0641	0.2603	0.6939	0.1381	0.5118	0.0
1.16	16	0.01562	4.4339	0.4555	0.8257	1.0807	0.2386	0.0952	0.3876	0.6088	0.0954	0.3869	0.6939	0.1697	0.8377	0.0
1.16	16	0.03125	4.6877	0.5954	0.9756	1.4509	0.2396	0.1580	0.5033	0.6101	0.1571	0.5015	0.6942	0.2232	1.1771	0.0
1.16	16	0.06250	5.0626	0.9260	1.3168	2.6696	0.2381	0.3697	0.8816	0.6080	0.3697	0.8817	0.6940	0.8465	2.4034	0.0
1.16	32	0.00391	5.0923	0.2851	0.6443	0.6897	0.2365	0.0564	0.1508	0.6078	0.0572	0.1510	0.6939	0.1309	0.2952	1.3420
1.16	32	0.00781	5.4235	0.3348	0.7030	0.8509	0.2362	0.0640	0.2606	0.6079	0.0641	0.2602	0.6939	0.1417	0.5574	1.3703
1.16	32	0.01562	5.7852	0.4569	0.8314	1.1963	0.2375	0.0967	0.3914	0.6099	0.0966	0.3903	0.6939	0.1710	0.9730	1.3739
1.16	32	0.03125	6.0349	0.5952	0.9797	1.5909	0.2374	0.1577	0.5033	0.6096	0.1570	0.5021	0.6947	0.2238	1.3948	1.3623
1.16	32	0.06250	6.3311	0.9251	1.3179	3.0924	0.2361	0.3697	0.8818	0.6079	0.3812	0.8815	0.6951	0.8471	2.8438	1.3823
1.20	16	0.00391	3.7585	0.2848	0.6409	0.6779	0.2383	0.0566	0.1492	0.6080	0.0572	0.1491	0.6944	0.1272	0.2801	0.0
1.20	16	0.00781	3.9877	0.3347	0.6997	0.8164	0.2382	0.0641	0.2597	0.6078	0.0642	0.2592	0.6938	0.1395	0.5091	0.0
1.20	16	0.01562	4.2828	0.4535	0.8244	1.0783	0.2386	0.0948	0.3864	0.6087	0.0950	0.3867	0.6941	0.1691	0.8318	0.0
1.20	16	0.03125	4.5398	0.5887	0.9688	1.4230	0.2390	0.1540	0.4966	0.6097	0.1542	0.4963	0.6942	0.2147	1.1521	0.0
1.20	16	0.06250	4.9824	0.9463	1.3380	2.8088	0.2383	0.3876	0.9065	0.6081	0.3877	0.9073	0.6943	0.9643	2.5649	0.0
1.20	32	0.00391	5.0136	0.2847	0.6442	0.6864	0.2363	0.0566	0.1492	0.6086	0.0578	0.1505	0.6940	0.1313	0.2920	1.3417
1.20	32	0.00781	5.3266	0.3345	0.7028	0.8502	0.2364	0.0640	0.2599	0.6085	0.0644	0.2603	0.6939	0.1416	0.5551	1.3612
1.20	32	0.01562	5.6622	0.4540	0.8285	1.1876	0.2373	0.0958	0.3884	0.6082	0.0948	0.3865	0.6939	0.1703	0.9653	1.3591
1.20	32	0.03125	5.8891	0.5887	0.9734	1.5613	0.2370	0.1541	0.4961	0.6093	0.1540	0.4962	0.6942	0.2150	1.3664	1.3595
1.20	32	0.06250	6.1821	0.9448	1.3376	3.3354	0.2375	0.3886	0.9076	0.6079	0.3872	0.9060	0.6944	0.9663	3.1062	1.3581
