
Case	WAH	RTScan
SSB11	0.1437	1.4910
SSB12	0.1056	0.8918
SSB13	0.0852	0.6978
SSB21	0.0770	99999.9
SSB22	0.0513	99999.9
SSB23	0.0389	99999.9
SSB31	0.1330	99999.9
SSB32	0.1209	99999.9
SSB33	0.1071	99999.9
SSB34	0.0574	99999.9
SSB41	0.1193	99999.9
SSB42	0.1786	99999.9
SSB43	0.1760	99999.9

Column	My(ms)	WAH(ms)	My(MB)	WAH(MB)
loOrderDate_Sparse	2.97	8.33	100.14	94.51
loDiscount_Sparse	1.13	4.83	57.22	59.07
loQuantity_Sparse	1.22	5.99	71.53	73.83
loSuppCity_Sparse	1.23	5.95	71.53	73.83
custCity_Sparse	1.35	6.21	71.53	71.68
partMfgr_Sparse	1.45	9.72	71.53	73.83
Total_Sparse	9.35	41.03	443.46	446.75
loOrderDate_Dense	11.27	95.18	1201.63	472.21
loDiscount_Dense	1.57	13.40	157.36	162.27
loQuantity_Dense	1.20	12.02	143.05	147.67
loSuppCity_Dense	9.24	28.81	357.63	351.08
custCity_Dense	10.45	30.22	357.63	242.37
partMfgr_Dense	7.28	48.27	357.63	346.39
Total_Balanced	22.57	96.66	1101.49	999.06
Total_Dense	50.36	268.92	3018.38	2168.74
RTScanSieve	0.00	0.00	24695.7	3420
RTScanRays	0.00	0.00	2505.57	5396

Case	BinType	Join	Ours	Basefus	NfuStg1	PrgStg1	Stg2	Stg3	Dedicat
SSB11	Sparse	0.6238	0.2076	0.3450	0.2525	0.0558	0.0432	0.2018	0.2158
SSB11	Medium	0	0.1720	0.2940	0.2377	0.0823	0.0223	0.1316	0.1551
SSB11	Dense	0	0.1718	0.2943	0.2380	0.0823	0.0222	0.1317	0.1549
SSB12	Sparse	0.3078	0.1063	0.2498	0.2542	0.0468	0.0329	0.0930	0.1052
SSB12	Medium	0	0.0804	0.2273	0.2337	0.0560	0.0124	0.0512	0.0815
SSB12	Dense	0	0.0420	0.0704	0.0725	0.0350	0.0089	0.0183	0.0265
SSB13	Sparse	0.2441	0.0713	0.2120	0.2374	0.0380	0.0185	0.0567	0.0705
SSB13	Medium	0	0.0553	0.2078	0.2336	0.0380	0.0124	0.0348	0.0594
SSB13	Dense	0	0.0388	0.1517	0.1629	0.0277	0.0091	0.0183	0.0215
SSB21	Sparse	0.6400	0.2017	0.3668	0.2042	0.0214	0.0391	0.2298	0.2065
SSB21	Medium	0	0.1050	0.1711	0.0627	0.0207	0.0106	0.1190	0.1077
SSB21	Dense	0	0.1042	0.1710	0.0622	0.0207	0.0104	0.1188	0.1071
SSB22	Sparse	0.5160	0.1687	0.3047	0.2052	0.0211	0.0390	0.1798	0.1693
SSB22	Medium	0	0.0755	0.2098	0.1989	0.0213	0.0119	0.0923	0.0801
SSB22	Dense	0	0.0755	0.2094	0.1991	0.0213	0.0119	0.0919	0.0800
SSB23	Sparse	0.4604	0.1594	0.2866	0.2063	0.0210	0.0389	0.1657	0.1596
SSB23	Medium	0	0.0658	0.1940	0.2003	0.0212	0.0119	0.0782	0.0634
SSB23	Dense	0	0.0652	0.1938	0.2005	0.0212	0.0119	0.0774	0.0634
SSB31	Sparse	0.8102	0.2488	0.3441	0.1034	0.0310	0.0350	0.2614	0.2585
SSB31	Medium	0	0.2463	0.3436	0.1032	0.0309	0.0349	0.2609	0.2514
SSB31	Dense	0	0.2468	0.3425	0.1032	0.0309	0.0349	0.2612	0.2515
SSB32	Sparse	0.5921	0.1232	0.3337	0.3292	0.0330	0.0363	0.1266	0.1193
SSB32	Medium	0	0.0616	0.2800	0.3000	0.0329	0.0123	0.0519	0.0583
SSB32	Dense	0	0.0544	0.1156	0.0977	0.0307	0.0082	0.0262	0.0498
SSB33	Sparse	0.4703	0.0989	0.3090	0.3292	0.0331	0.0363	0.0894	0.0930
SSB33	Medium	0	0.0493	0.2692	0.2979	0.0329	0.0123	0.0260	0.0466
SSB33	Dense	0	0.0458	0.2668	0.2962	0.0330	0.0097	0.0180	0.0292
SSB34	Sparse	0.3255	0.0420	0.2256	0.2577	0.0304	0.0121	0.0186	0.0313
SSB34	Medium	0	0.0378	0.1700	0.1868	0.0293	0.0097	0.0154	0.0192
SSB34	Dense	0	0.0329	0.1579	0.1742	0.0277	0.0091	0.0157	0.0170
SSB41	Sparse	0.9868	0.2350	0.3161	0.0803	0.0379	0.0167	0.2369	0.2407
SSB41	Medium	0	0.2347	0.3157	0.0799	0.0379	0.0165	0.2367	0.2363
SSB41	Dense	0	0.2348	0.3145	0.0799	0.0379	0.0165	0.2367	0.2363
SSB42	Sparse	0.7599	0.1408	0.1940	0.0946	0.0557	0.0097	0.1142	0.1405
SSB42	Medium	0	0.1406	0.1930	0.0946	0.0556	0.0097	0.1144	0.1404
SSB42	Dense	0	0.1411	0.1940	0.0945	0.0557	0.0097	0.1147	0.1400
SSB43	Sparse	0.5399	0.0619	0.2469	0.2793	0.0452	0.0098	0.0258	0.0658
SSB43	Medium	0	0.0516	0.2136	0.2561	0.0388	0.0097	0.0196	0.0314
SSB43	Dense	0	0.0410	0.0722	0.0754	0.0332	0.0077	0.0253	0.0192
SSB11	Perfect	0	0.0944	0.1444	0.0754	0.0306	0.0205	0.0917
SSB11	AllAlig	0	0.1475	0.1944	0.1103	0.0855	0.0205	0.0919
SSB11	MisAlig	0	0.1879	0.3085	0.2282	0.0832	0.0240	0.1509
SSB12	Perfect	0	0.0206	0.0589	0.0589	0.0243	0.0077	0.0134
SSB12	AllAlig	0	0.0576	0.0909	0.0967	0.0576	0.0077	0.0134
SSB12	MisAlig	0	0.0656	0.1813	0.1857	0.0580	0.0096	0.0156
SSB13	Perfect	0	0.0199	0.0518	0.0526	0.0208	0.0077	0.0133
SSB13	AllAlig	0	0.0472	0.0766	0.0827	0.0443	0.0077	0.0133
SSB13	MisAlig	0	0.0499	0.1529	0.1727	0.0424	0.0095	0.0154
SSB21	Perfect	0	0.1048	0.1707	0.0618	0.0209	0.0104	0.1157
SSB21	AllAlig	0	0.1349	0.1935	0.0810	0.0570	0.0104	0.1161
SSB21	MisAlig	0	0.1451	0.2875	0.1969	0.0557	0.0134	0.1388
SSB22	Perfect	0	0.0310	0.0819	0.0563	0.0202	0.0082	0.0259
SSB22	AllAlig	0	0.0656	0.1107	0.0783	0.0545	0.0082	0.0260
SSB22	MisAlig	0	0.0793	0.1952	0.1829	0.0536	0.0097	0.0297
SSB23	Perfect	0	0.0185	0.0514	0.0500	0.0168	0.0077	0.0157
SSB23	AllAlig	0	0.0221	0.0571	0.0551	0.0226	0.0077	0.0156
SSB23	MisAlig	0	0.0328	0.1506	0.1592	0.0257	0.0096	0.0172
SSB31	Perfect	0	0.2467	0.3427	0.0768	0.0308	0.0349	0.2607
SSB31	AllAlig	0	0.3005	0.3888	0.1106	0.0856	0.0349	0.2611
SSB31	MisAlig	0	0.3106	0.4714	0.2436	0.0833	0.0412	0.2744
SSB32	Perfect	0	0.0477	0.0906	0.0627	0.0260	0.0082	0.0262
SSB32	AllAlig	0	0.0883	0.1271	0.0984	0.0668	0.0083	0.0262
SSB32	MisAlig	0	0.0934	0.2087	0.1946	0.0665	0.0097	0.0264
SSB33	Perfect	0	0.0263	0.0595	0.0563	0.0222	0.0077	0.0256
SSB33	AllAlig	0	0.0614	0.0879	0.0876	0.0530	0.0076	0.0255
SSB33	MisAlig	0	0.0595	0.1660	0.1795	0.0510	0.0095	0.0256
SSB34	Perfect	0	0.0206	0.0535	0.0564	0.0222	0.0063	0.0151
SSB34	AllAlig	0	0.0572	0.0840	0.0876	0.0530	0.0064	0.0154
SSB34	MisAlig	0	0.0548	0.1528	0.1796	0.0510	0.0085	0.0155
SSB41	Perfect	0	0.2253	0.3053	0.0768	0.0307	0.0165	0.2361
SSB41	AllAlig	0	0.2739	0.3504	0.1106	0.0855	0.0165	0.2365
SSB41	MisAlig	0	0.3099	0.4831	0.2455	0.0833	0.0225	0.2937
SSB42	Perfect	0	0.1204	0.1744	0.0886	0.0403	0.0097	0.1148
SSB42	AllAlig	0	0.1844	0.2405	0.1381	0.1131	0.0097	0.1144
SSB42	MisAlig	0	0.1956	0.3388	0.2761	0.1103	0.0118	0.1382
SSB43	Perfect	0	0.0283	0.0718	0.0745	0.0326	0.0077	0.0254
SSB43	AllAlig	0	0.0880	0.1186	0.1168	0.0858	0.0076	0.0253
SSB43	MisAlig	0	0.0902	0.2148	0.2164	0.0857	0.0095	0.0253

Seletiv	Method1	Method2
0.00195	0.0324	0.0344
0.00391	0.0466	0.0465
0.00781	0.0723	0.0640
0.01562	0.0965	0.0824
0.03125	0.1268	0.1063
0.06250	0.1976	0.1668
0.12500	0.1973	0.1667

Skew	BitW	Seletiv	Join	Perfect	ManyOrs	CandChk	PftStg1	PftStg2	PftStg3	OrsStg1	OrsStg2	OrsStg3	ChkStg1	ChkStg2	ChkStg3	WAH
1.04	16	0.00391	0.5214	0.0471	0.0958	0.1198	0.0377	0.0140	0.0261	0.0970	0.0139	0.0254	0.0985	0.0156	0.0682	0.0
1.04	16	0.00781	0.5504	0.0652	0.1160	0.1532	0.0426	0.0172	0.0566	0.0963	0.0172	0.0571	0.0965	0.0208	0.1248	0.0
1.04	16	0.01562	0.5877	0.0834	0.1355	0.2004	0.0432	0.0235	0.0776	0.0978	0.0234	0.0775	0.0974	0.0325	0.1649	0.0
1.04	16	0.03125	0.6217	0.1069	0.1606	0.2371	0.0451	0.0355	0.0949	0.1001	0.0356	0.0950	0.0966	0.0449	0.1978	0.0
1.04	16	0.06250	0.6825	0.1681	0.2194	0.3216	0.0448	0.0790	0.1545	0.0992	0.0789	0.1545	0.0961	0.0812	0.2754	0.0
1.04	16	0.12500	0.6827	0.1680	0.2196	0.3213	0.0449	0.0788	0.1542	0.0993	0.0790	0.1542	0.0961	0.0813	0.2760	0.0
1.04	16	0.25000	0.6813	0.1678	0.2195	0.3217	0.0448	0.0790	0.1543	0.0993	0.0790	0.1543	0.0960	0.0813	0.2762	0.0
1.04	16	0.40000	0.6835	0.1676	0.2194	0.3214	0.0450	0.0790	0.1544	0.0995	0.0791	0.1542	0.0960	0.0813	0.2755	0.0
1.04	16	0.60000	0.6817	0.1680	0.2191	0.3213	0.0451	0.0790	0.1547	0.0994	0.0790	0.1545	0.0960	0.0813	0.2755	0.0
1.04	16	0.80000	0.6826	0.1680	0.2198	0.3211	0.0450	0.0791	0.1543	0.0993	0.0790	0.1540	0.0962	0.0813	0.2753	0.0
1.04	32	0.00391	0.7188	0.0468	0.0947	0.1206	0.0370	0.0136	0.0255	0.0963	0.0137	0.0255	0.0970	0.0154	0.0737	0.1556
1.04	32	0.00781	0.7618	0.0643	0.1150	0.1694	0.0428	0.0172	0.0565	0.0965	0.0171	0.0567	0.0942	0.0209	0.1494	0.1549
1.04	32	0.01562	0.7984	0.0820	0.1349	0.2181	0.0432	0.0235	0.0778	0.0975	0.0234	0.0772	0.0946	0.0325	0.1990	0.1547
1.04	32	0.03125	0.8221	0.1065	0.1596	0.2544	0.0451	0.0354	0.0950	0.1000	0.0353	0.0945	0.0944	0.0446	0.2306	0.1549
1.04	32	0.06250	0.8457	0.1675	0.2191	0.3401	0.0448	0.0788	0.1538	0.0995	0.0789	0.1533	0.0943	0.0813	0.3085	0.1554
1.04	32	0.12500	0.8458	0.1677	0.2187	0.3402	0.0448	0.0789	0.1539	0.0995	0.0789	0.1536	0.0944	0.0811	0.3077	0.1547
1.04	32	0.25000	0.8457	0.1676	0.2192	0.3402	0.0449	0.0789	0.1536	0.0996	0.0789	0.1535	0.0943	0.0810	0.3080	0.1549
1.04	32	0.40000	0.8460	0.1679	0.2188	0.3403	0.0448	0.0787	0.1537	0.0995	0.0790	0.1534	0.0942	0.0812	0.3082	0.1551
1.04	32	0.60000	0.8459	0.1672	0.2189	0.3402	0.0449	0.0788	0.1537	0.0997	0.0787	0.1536	0.0943	0.0812	0.3079	0.1553
1.04	32	0.80000	0.8458	0.1675	0.2190	0.3405	0.0449	0.0790	0.1539	0.0996	0.0788	0.1536	0.0945	0.0812	0.3073	0.1549
1.08	16	0.00391	0.5090	0.0461	0.0929	0.1135	0.0340	0.0158	0.0289	0.0948	0.0159	0.0289	0.1023	0.0176	0.0518	0.0
1.08	16	0.00781	0.5388	0.0602	0.1090	0.1367	0.0462	0.0179	0.0472	0.1009	0.0180	0.0476	0.0974	0.0199	0.1076	0.0
1.08	16	0.01562	0.5707	0.0801	0.1316	0.1772	0.0449	0.0237	0.0763	0.0992	0.0238	0.0765	0.0990	0.0283	0.1486	0.0
1.08	16	0.03125	0.6061	0.0997	0.1520	0.2637	0.0465	0.0329	0.0929	0.1013	0.0329	0.0926	0.0989	0.0570	0.2228	0.0
1.08	16	0.06250	0.6849	0.1547	0.2079	0.3490	0.0467	0.0683	0.1435	0.1008	0.0680	0.1430	0.0966	0.0969	0.3076	0.0
1.08	16	0.12500	0.7347	0.2071	0.2594	0.4235	0.0424	0.1200	0.2052	0.0976	0.1211	0.2078	0.0938	0.1418	0.3958	0.0
1.08	16	0.25000	0.7902	0.3251	0.3758	0.5057	0.0411	0.2008	0.2930	0.0953	0.2005	0.2926	0.0934	0.2029	0.4890	0.0
1.08	16	0.40000	0.7903	0.3255	0.3758	0.5060	0.0412	0.2006	0.2932	0.0953	0.2006	0.2932	0.0936	0.2034	0.4895	0.0
1.08	16	0.60000	0.7907	0.3255	0.3763	0.5057	0.0410	0.2005	0.2931	0.0954	0.2005	0.2930	0.0936	0.2028	0.4894	0.0
1.08	16	0.80000	0.7901	0.3247	0.3751	0.5053	0.0400	0.1991	0.2910	0.0936	0.1990	0.2902	0.0920	0.2013	0.4862	0.0
1.08	32	0.00391	0.7067	0.0445	0.0902	0.1116	0.0318	0.0133	0.0251	0.0920	0.0131	0.0249	0.0996	0.0153	0.0498	0.1499
1.08	32	0.00781	0.7472	0.0572	0.1068	0.1405	0.0447	0.0155	0.0414	0.0992	0.0154	0.0419	0.0934	0.0173	0.1152	0.1546
1.08	32	0.01562	0.7880	0.0771	0.1296	0.1932	0.0432	0.0212	0.0718	0.0972	0.0212	0.0716	0.0947	0.0256	0.1734	0.1548
1.08	32	0.03125	0.8144	0.0968	0.1498	0.2860	0.0448	0.0302	0.0883	0.0990	0.0303	0.0886	0.0941	0.0542	0.2601	0.1548
1.08	32	0.06250	0.8420	0.1525	0.2053	0.3786	0.0449	0.0663	0.1391	0.0998	0.0663	0.1389	0.0944	0.0948	0.3475	0.1548
1.08	32	0.12500	0.8530	0.2059	0.2586	0.4620	0.0424	0.1195	0.2040	0.0961	0.1194	0.2039	0.0917	0.1388	0.4362	0.1550
1.08	32	0.25000	0.8656	0.3235	0.3746	0.5518	0.0391	0.1978	0.2866	0.0937	0.1979	0.2866	0.0916	0.2000	0.5377	0.1547
1.08	32	0.40000	0.8661	0.3237	0.3745	0.5519	0.0391	0.1979	0.2867	0.0938	0.1978	0.2863	0.0916	0.2003	0.5378	0.1546
1.08	32	0.60000	0.8658	0.3233	0.3745	0.5522	0.0393	0.1980	0.2863	0.0936	0.1977	0.2866	0.0916	0.2002	0.5375	0.1551
1.08	32	0.80000	0.8659	0.3233	0.3745	0.5522	0.0392	0.1979	0.2863	0.0937	0.1980	0.2862	0.0918	0.2000	0.5377	0.1547
1.12	16	0.00391	0.5079	0.0450	0.0905	0.1102	0.0324	0.0131	0.0250	0.0933	0.0132	0.0247	0.1004	0.0152	0.0463	0.0
1.12	16	0.00781	0.5354	0.0574	0.1063	0.1337	0.0448	0.0150	0.0415	0.0993	0.0153	0.0416	0.0956	0.0172	0.1000	0.0
1.12	16	0.01562	0.5667	0.0781	0.1287	0.1709	0.0429	0.0207	0.0714	0.0974	0.0206	0.0719	0.0968	0.0244	0.1371	0.0
1.12	16	0.03125	0.5980	0.0959	0.1491	0.2211	0.0447	0.0294	0.0869	0.0989	0.0294	0.0881	0.0965	0.0397	0.1839	0.0
1.12	16	0.06250	0.6725	0.1451	0.1963	0.3665	0.0451	0.0580	0.1293	0.0999	0.0581	0.1297	0.0939	0.1078	0.3251	0.0
1.12	16	0.12500	0.7393	0.2032	0.2566	0.4535	0.0420	0.1157	0.2010	0.0960	0.1155	0.2010	0.0919	0.1602	0.4272	0.0
1.12	16	0.25000	0.7829	0.3278	0.3775	0.6342	0.0388	0.1997	0.2893	0.0928	0.1999	0.2893	0.0915	0.2295	0.5299	0.0
1.12	16	0.40000	0.8298	0.4722	0.5199	0.8197	0.0386	0.3421	0.3943	0.0918	0.3421	0.3940	0.0936	0.3518	0.6289	0.0
1.12	16	0.60000	0.8303	0.4736	0.5216	0.8216	0.0403	0.3447	0.3993	0.0937	0.3450	0.3990	0.0934	0.3525	0.6296	0.0
1.12	16	0.80000	0.8300	0.4728	0.5205	0.8200	0.0386	0.3424	0.3947	0.0918	0.3422	0.3940	0.0917	0.3498	0.6250	0.0
1.12	32	0.00391	0.7098	0.0452	0.0900	0.1113	0.0316	0.0134	0.0248	0.0919	0.0131	0.0247	0.0996	0.0151	0.0496	0.1495
1.12	32	0.00781	0.7476	0.0570	0.1065	0.1400	0.0448	0.0152	0.0404	0.0993	0.0152	0.0408	0.0933	0.0171	0.1125	0.1551
1.12	32	0.01562	0.7867	0.0770	0.1291	0.1857	0.0431	0.0206	0.0714	0.0975	0.0210	0.0712	0.0948	0.0243	0.1633	0.1572
1.12	32	0.03125	0.8125	0.0947	0.1484	0.2404	0.0447	0.0295	0.0868	0.0987	0.0293	0.0864	0.0946	0.0397	0.2169	0.1544
1.12	32	0.06250	0.8390	0.1433	0.1951	0.4102	0.0450	0.0580	0.1291	0.0999	0.0581	0.1294	0.0931	0.1079	0.3810	0.1554
1.12	32	0.12500	0.8525	0.2032	0.2565	0.5120	0.0427	0.1156	0.1999	0.0967	0.1155	0.1999	0.0919	0.1601	0.4915	0.1552
1.12	32	0.25000	0.8643	0.3266	0.3778	0.8018	0.0389	0.1999	0.2877	0.0935	0.1998	0.2875	0.0915	0.2296	0.6086	0.1545
1.12	32	0.40000	0.8888	0.4715	0.5203	0.9564	0.0385	0.3418	0.3927	0.0918	0.3417	0.3928	0.0917	0.3495	0.7162	0.1550
1.12	32	0.60000	0.8894	0.4715	0.5192	0.9596	0.0385	0.3415	0.3930	0.0919	0.3412	0.3928	0.0917	0.3494	0.7159	0.1548
1.12	32	0.80000	0.8889	0.4711	0.5197	0.9610	0.0384	0.3418	0.3926	0.0918	0.3416	0.3930	0.0918	0.3496	0.7161	0.1545
1.16	16	0.00391	0.5112	0.0453	0.0907	0.1099	0.0326	0.0131	0.0246	0.0931	0.0130	0.0250	0.1006	0.0151	0.0461	0.0
1.16	16	0.00781	0.5347	0.0567	0.1060	0.1331	0.0449	0.0151	0.0403	0.0995	0.0152	0.0403	0.0957	0.0174	0.0987	0.0
1.16	16	0.01562	0.5653	0.0782	0.1296	0.1706	0.0430	0.0210	0.0714	0.0973	0.0209	0.0716	0.0972	0.0243	0.1368	0.0
1.16	16	0.03125	0.5976	0.0969	0.1501	0.2203	0.0449	0.0297	0.0874	0.0996	0.0296	0.0874	0.0964	0.0395	0.1827	0.0
1.16	16	0.06250	0.6939	0.1468	0.2000	0.3948	0.0451	0.0605	0.1336	0.0999	0.0604	0.1336	0.0920	0.1285	0.3601	0.0
1.16	16	0.12500	0.7470	0.2152	0.2678	0.4933	0.0409	0.1283	0.2152	0.0942	0.1282	0.2150	0.0917	0.1912	0.4736	0.0
1.16	16	0.25000	0.7983	0.4083	0.4575	0.7794	0.0387	0.2729	0.3490	0.0919	0.2730	0.3491	0.0916	0.3212	0.6165	0.0
1.16	16	0.40000	0.7983	0.4085	0.4571	0.7800	0.0387	0.2733	0.3490	0.0918	0.2733	0.3491	0.0941	0.3244	0.6218	0.0
1.16	16	0.60000	0.8587	0.6144	0.6575	1.0433	0.0386	0.6059	0.4857	0.0919	0.6053	0.4850	0.0913	0.6068	0.7036	0.0
1.16	16	0.80000	0.8585	0.6143	0.6567	1.0425	0.0384	0.6055	0.4847	0.0917	0.6049	0.4845	0.0913	0.6086	0.7036	0.0
1.16	32	0.00391	0.7139	0.0455	0.0907	0.1122	0.0312	0.0131	0.0247	0.0919	0.0132	0.0250	0.0997	0.0153	0.0487	0.1491
1.16	32	0.00781	0.7508	0.0570	0.1059	0.1388	0.0448	0.0151	0.0399	0.0996	0.0150	0.0399	0.0938	0.0173	0.1111	0.1549
1.16	32	0.01562	0.7890	0.0767	0.1294	0.1851	0.0432	0.0212	0.0716	0.0973	0.0209	0.0715	0.0948	0.0242	0.1627	0.1548
1.16	32	0.03125	0.8143	0.0963	0.1498	0.2397	0.0448	0.0299	0.0874	0.0990	0.0298	0.0880	0.0949	0.0396	0.2149	0.1550
1.16	32	0.06250	0.8402	0.1472	0.1996	0.4551	0.0449	0.0606	0.1330	0.0999	0.0605	0.1335	0.0918	0.1284	0.4270	0.1574
1.16	32	0.12500	0.8540	0.2170	0.2691	0.5764	0.0425	0.1310	0.2195	0.0970	0.1313	0.2194	0.0933	0.1942	0.5653	0.1574
1.16	32	0.25000	0.8748	0.4084	0.4580	0.9393	0.0390	0.2734	0.3494	0.0922	0.2732	0.3488	0.0917	0.3212	0.7293	0.1543
1.16	32	0.40000	0.8752	0.4081	0.4577	0.9406	0.0387	0.2728	0.3492	0.0919	0.2728	0.3483	0.0917	0.3213	0.7294	0.1543
1.16	32	0.60000	0.9128	0.6125	0.6564	1.2000	0.0383	0.6085	0.4839	0.0918	0.6091	0.4839	0.0915	0.6094	0.8204	0.1533
1.16	32	0.80000	0.9127	0.6125	0.6561	1.1994	0.0385	0.6081	0.4841	0.0918	0.6081	0.4839	0.0914	0.6074	0.8203	0.1544
1.20	16	0.00391	0.5130	0.0453	0.0899	0.1098	0.0320	0.0129	0.0250	0.0925	0.0132	0.0246	0.1001	0.0151	0.0454	0.0
1.20	16	0.00781	0.5376	0.0580	0.1062	0.1330	0.0447	0.0151	0.0399	0.0993	0.0150	0.0400	0.0956	0.0173	0.0984	0.0
1.20	16	0.01562	0.5658	0.0776	0.1292	0.1689	0.0428	0.0209	0.0713	0.0972	0.0208	0.0716	0.0968	0.0239	0.1362	0.0
1.20	16	0.03125	0.5942	0.0961	0.1493	0.2163	0.0447	0.0293	0.0864	0.0992	0.0292	0.0862	0.0966	0.0378	0.1787	0.0
1.20	16	0.06250	0.6970	0.1499	0.2027	0.4156	0.0450	0.0629	0.1355	0.0997	0.0629	0.1354	0.0919	0.1451	0.3854	0.0
1.20	16	0.12500	0.7429	0.2161	0.2694	0.5102	0.0424	0.1305	0.2193	0.0965	0.1306	0.2191	0.0933	0.2104	0.4961	0.0
1.20	16	0.25000	0.7804	0.3741	0.4228	0.7621	0.0403	0.2412	0.3285	0.0940	0.2411	0.3285	0.0931	0.3150	0.6159	0.0
1.20	16	0.40000	0.8002	0.4743	0.5216	0.9045	0.0383	0.3418	0.4033	0.0917	0.3416	0.4032	0.0914	0.4213	0.6689	0.0
1.20	16	0.60000	0.8870	0.7354	0.7732	1.2207	0.0385	0.9182	0.5765	0.0918	0.9176	0.5764	0.0911	0.8971	0.7660	0.0
1.20	16	0.80000	0.8871	0.7344	0.7740	1.2205	0.0384	0.9178	0.5766	0.0917	0.9175	0.5763	0.0912	0.8970	0.7657	0.0
1.20	32	0.00391	0.7142	0.0452	0.0901	0.1121	0.0311	0.0130	0.0245	0.0918	0.0130	0.0247	0.0995	0.0151	0.0478	0.1515
1.20	32	0.00781	0.7536	0.0570	0.1063	0.1388	0.0446	0.0150	0.0396	0.0994	0.0150	0.0397	0.0935	0.0169	0.1104	0.1538
1.20	32	0.01562	0.7921	0.0775	0.1290	0.1848	0.0430	0.0206	0.0719	0.0973	0.0208	0.0714	0.0948	0.0241	0.1616	0.1541
1.20	32	0.03125	0.8164	0.0953	0.1488	0.2351	0.0443	0.0292	0.0873	0.0986	0.0293	0.0868	0.0949	0.0377	0.2105	0.1541
1.20	32	0.06250	0.8424	0.1500	0.2023	0.4906	0.0448	0.0629	0.1351	0.0997	0.0630	0.1353	0.0919	0.1453	0.4656	0.1541
1.20	32	0.12500	0.8540	0.2147	0.2670	0.6070	0.0407	0.1277	0.2142	0.0947	0.1278	0.2141	0.0914	0.2078	0.5948	0.1558
1.20	32	0.25000	0.8670	0.3716	0.4211	0.9558	0.0387	0.2388	0.3216	0.0922	0.2388	0.3222	0.0915	0.3126	0.7400	0.1542
1.20	32	0.40000	0.8844	0.4738	0.5215	1.0968	0.0382	0.3418	0.4208	0.0917	0.3421	0.4026	0.0915	0.4216	0.8060	0.1541
1.20	32	0.60000	0.9384	0.7331	0.7734	1.3935	0.0411	0.9212	0.5827	0.0939	0.9216	0.5819	0.0935	0.9058	0.8878	0.1568
1.20	32	0.80000	0.9388	0.7348	0.7757	1.3937	0.0394	0.9207	0.5800	0.0927	0.9205	0.5789	0.0916	0.9012	0.8846	0.1557
