
Column  My(ms)  WAH(ms) My(MB)  WAH(MB)
loOrderDate     31.23   139.42  3476.14 1956.12
loDiscount      6.17    22.32   579.36  598.05
loQuantity      17.02   75.11   1931.19 1993.49
loSuppCity      9.02    42.64   965.60  996.74
custCity        12.06   80.31   965.60  967.55
partMfgr        40.64   332.35  3862.38 3825.66
Total   116.14  692.14  11780.26        10337.60
RTScanSieve     0.00    0.00    24695.7 3420
RTScanRays      0.00    0.00    2505.57 5396

Case	WAH	RTScan
S11	2.5281	0.9978
S12	1.8199	1.1918
S13	1.7258	1.7910
S21	1.6112	99999.9
S22	0.8256	99999.9
S23	0.4547	99999.9
S31	2.4496	99999.9
S32	2.2522	99999.9
S33	1.9808	99999.9
S34	0.9819	99999.9
S41	1.9875	99999.9
S42	3.4283	99999.9
S43	3.2936	99999.9

Case	Join
SSB11	9.7287
SSB12	5.3096
SSB13	4.5400
SSB21	10.4409
SSB22	9.0798
SSB23	8.6518
SSB31	15.8899
SSB32	11.7084
SSB33	9.0024
SSB34	5.7779
SSB41	26.4977
SSB42	20.8787
SSB43	14.1888

Case	PftNprg	OrsNprg	ChkNprg	PftStg1	PftStg2	PftStg3	OrsStg1	OrsStg2	OrsStg3	ChkStg1	ChkStg2	ChkStg3
SSB11	1.4875	2.1054	3.2950	0.5482	0.2960	1.3125	1.2543	0.2960	1.3125	1.3246	0.3302	2.5938
SSB12	0.4757	0.9316	1.1017	0.5043	0.1452	0.1205	1.0953	0.1450	0.1203	1.1629	0.2307	0.2229
SSB13	0.3782	0.7085	0.8461	0.4114	0.1347	0.0441	0.8381	0.1344	0.0440	0.9199	0.2260	0.0608
SSB21	1.6929	2.0188	2.4054	0.3969	0.1792	1.6565	0.8852	0.1801	1.6560	0.9413	0.2865	2.0660
SSB22	0.6326	0.9788	1.0873	0.3894	0.1530	0.4140	0.8575	0.1541	0.4142	0.9151	0.2468	0.5028
SSB23	0.3868	0.4955	0.6236	0.3455	0.1352	0.0712	0.4440	0.1349	0.0710	0.6155	0.2299	0.1281
SSB31	5.1162	5.6941	6.1165	0.5625	0.5772	5.0581	1.2388	0.5759	5.0573	1.3324	0.6998	5.4845
SSB32	0.9833	1.5246	1.6754	0.5182	0.1515	0.5022	1.1480	0.1512	0.5020	1.2340	0.2363	0.5430
SSB33	0.6355	1.0701	1.1898	0.4545	0.1356	0.1054	0.9736	0.1358	0.1055	1.0330	0.2264	0.1054
SSB34	0.4366	0.8727	0.9110	0.4551	0.1260	0.0246	0.9743	0.1260	0.0247	1.0301	0.2226	0.0287
SSB41	3.8461	4.4023	5.8624	0.5516	0.2480	3.8042	1.2516	0.2477	3.8027	1.3274	0.3566	5.2957
SSB42	1.7006	2.5442	3.0559	0.7147	0.1762	1.4822	1.6310	0.1779	1.4832	1.7092	0.2615	1.9980
SSB43	0.7462	1.3936	1.6251	0.6267	0.1339	0.0657	1.3794	0.1325	0.0637	1.4851	0.2269	0.0828

Case	Perfect	ManyOrs	Candchk
SSB11	1.4937	2.1102	3.2929
SSB12	0.5543	1.0377	1.2468
SSB13	0.4701	0.8485	1.0031
SSB21	1.6886	2.0064	2.3745
SSB22	0.6661	1.0609	1.2109
SSB23	0.4491	0.5570	0.7508
SSB31	5.0916	5.7421	6.0480
SSB32	1.2409	1.9393	1.9318
SSB33	0.8674	1.4613	1.4148
SSB34	0.6482	1.2365	1.0579
SSB41	3.8453	4.4074	5.8487
SSB42	1.7356	2.6330	3.4745
SSB43	0.8926	1.6019	2.1609

Seletiv	Method1	Method2
0.00195	0.6476	0.6640
0.00391	0.8076	0.7425
0.00781	1.0387	0.8960
0.01562	1.4070	1.2364
0.03125	1.8638	1.6812
0.06250	2.8524	2.5821

Skew	BitW	Seletiv	Join	Perfect	ManyOrs	CandChk	PftStg1	PftStg2	PftStg3	OrsStg1	OrsStg2	OrsStg3	ChkStg1	ChkStg2	ChkStg3	WAH
1.04	16	0.00391	13.0785	0.7434	1.3696	1.6214	0.5653	0.1633	0.3402	1.2980	0.1629	0.3398	1.3213	0.2613	0.6978	0.0
1.04	16	0.00781	14.3051	0.8997	1.5380	2.2344	0.5577	0.1832	0.6059	1.2950	0.1834	0.6063	1.3290	0.2934	1.4685	0.0
1.04	16	0.01562	15.7429	1.2408	1.8911	3.1726	0.5637	0.2556	0.9908	1.2971	0.2559	0.9906	1.3225	0.4149	2.4406	0.0
1.04	16	0.03125	17.1793	1.6861	2.3353	3.9005	0.5597	0.4705	1.4854	1.3167	0.4694	1.4854	1.3284	0.6438	3.1695	0.0
1.04	16	0.06250	19.8725	2.5865	3.2211	5.1841	0.5503	1.3090	2.5253	1.3097	1.3090	2.5251	1.3314	1.3461	4.5099	0.0
1.04	32	0.00391	14.4227	0.7441	1.3686	1.6241	0.5653	0.1629	0.3378	1.3366	0.1635	0.3393	1.3130	0.2651	0.7355	2.9168
1.04	32	0.00781	15.9036	0.8965	1.5324	2.2742	0.5647	0.1831	0.6036	1.3128	0.1829	0.6034	1.3208	0.2943	1.6577	2.8782
1.04	32	0.01562	17.5361	1.2379	1.8873	3.3807	0.5637	0.2552	0.9871	1.2788	0.2547	0.9851	1.3174	0.4134	2.7518	2.7800
1.04	32	0.03125	19.0822	1.6805	2.3258	4.1509	0.5626	0.4654	1.4785	1.3286	0.4654	1.4787	1.3084	0.6376	3.5223	2.7627
1.04	32	0.06250	21.9179	2.5830	3.2137	5.6154	0.5368	1.3027	2.5184	1.3070	1.3032	2.5186	1.3120	1.3402	5.0261	2.7945
1.08	16	0.00391	12.0273	0.7280	1.3435	1.5271	0.5520	0.1623	0.2831	1.3016	0.1607	0.2800	1.3275	0.2560	0.5424	0.0
1.08	16	0.00781	12.9553	0.8208	1.4655	1.8803	0.5575	0.1748	0.5039	1.2965	0.1747	0.5039	1.3331	0.2744	1.0334	0.0
1.08	16	0.01562	14.0492	1.1645	1.8003	2.6957	0.5637	0.2216	0.8541	1.3029	0.2220	0.8545	1.3231	0.3302	1.9338	0.0
1.08	16	0.03125	15.0306	1.5482	2.1844	4.2363	0.5587	0.3755	1.2987	1.2952	0.3752	1.2992	1.3327	0.8198	3.5149	0.0
1.08	16	0.06250	16.8825	2.4441	3.0585	5.5140	0.5682	1.0618	2.3735	1.3154	1.0642	2.3781	1.3297	1.6142	4.8620	0.0
1.08	32	0.00391	13.1877	0.7252	1.3413	1.5041	0.5648	0.1590	0.2769	1.3302	0.1590	0.2773	1.3098	0.2561	0.5572	2.8953
1.08	32	0.00781	14.2720	0.8193	1.4606	1.8530	0.5637	0.1741	0.5011	1.3295	0.1744	0.5014	1.3091	0.2768	1.1145	2.9188
1.08	32	0.01562	15.5280	1.1616	1.7962	2.8133	0.5643	0.2217	0.8530	1.3324	0.2242	0.8568	1.3128	0.3279	2.1672	2.8116
1.08	32	0.03125	16.6206	1.5468	2.1771	4.7474	0.5394	0.3731	1.2978	1.2813	0.3731	1.2964	1.3192	0.8202	4.1306	2.8015
1.08	32	0.06250	18.5993	2.4377	3.0506	6.3428	0.5630	1.0563	2.3666	1.3310	1.0564	2.3661	1.3164	1.6075	5.7612	2.7574
1.12	16	0.00391	11.3790	0.7264	1.3411	1.5352	0.5647	0.1591	0.2769	1.2976	0.1591	0.2771	1.3240	0.2551	0.5341	0.0
1.12	16	0.00781	12.1812	0.8217	1.4634	1.8615	0.5573	0.1742	0.4981	1.2985	0.1770	0.5027	1.3360	0.2752	1.0103	0.0
1.12	16	0.01562	13.0892	1.1591	1.7897	2.5647	0.5649	0.2186	0.8358	1.3014	0.2161	0.8330	1.3219	0.3145	1.7813	0.0
1.12	16	0.03125	13.8715	1.5320	2.1605	3.5873	0.5571	0.3531	1.2558	1.2960	0.3531	1.2556	1.3330	0.5444	2.8463	0.0
1.12	16	0.06250	15.1523	2.2975	2.9186	5.6600	0.5638	0.8998	2.1909	1.3016	0.8992	2.1908	1.3262	1.8727	5.0365	0.0
1.12	32	0.00391	12.4634	0.7255	1.3406	1.5022	0.5649	0.1590	0.2753	1.3373	0.1619	0.2795	1.3112	0.2565	0.5533	2.8884
1.12	32	0.00781	13.3673	0.8180	1.4594	1.8335	0.5659	0.1759	0.4996	1.3366	0.1772	0.5013	1.3119	0.2774	1.0847	2.9029
1.12	32	0.01562	14.3466	1.1556	1.7824	2.6356	0.5658	0.2171	0.8326	1.3321	0.2186	0.8336	1.3107	0.3164	1.9843	2.7969
1.12	32	0.03125	15.1772	1.5299	2.1560	3.8188	0.5640	0.3529	1.2569	1.3285	0.3527	1.2548	1.3091	0.5435	3.1874	2.7658
1.12	32	0.06250	16.5213	2.2952	2.9136	6.8657	0.5643	0.8984	2.1898	1.3229	0.8986	2.1893	1.3148	1.8724	6.3013	2.7540
1.16	16	0.00391	10.8506	0.7306	1.3405	1.5340	0.5651	0.1592	0.2768	1.3029	0.1590	0.2766	1.3239	0.2552	0.5318	0.0
1.16	16	0.00781	11.5580	0.8175	1.4599	1.8370	0.5571	0.1738	0.4929	1.3025	0.1738	0.4936	1.3309	0.2730	0.9912	0.0
1.16	16	0.01562	12.4129	1.1626	1.7922	2.5636	0.5489	0.2184	0.8424	1.3003	0.2180	0.8418	1.3261	0.3140	1.7797	0.0
1.16	16	0.03125	13.1574	1.5518	2.1801	3.5487	0.5566	0.3668	1.2873	1.3013	0.3661	1.2867	1.3306	0.5371	2.8165	0.0
1.16	16	0.06250	14.3574	2.4105	3.0127	5.9095	0.5476	0.9502	2.3008	1.2996	0.9498	2.2998	1.3292	2.2978	5.3437	0.0
1.16	32	0.00391	11.8974	0.7311	1.3397	1.5003	0.5662	0.1596	0.2767	1.3311	0.1592	0.2757	1.3107	0.2583	0.5497	2.8797
1.16	32	0.00781	12.6712	0.8168	1.4563	1.8529	0.5393	0.1736	0.4924	1.3218	0.1735	0.4921	1.3159	0.2752	1.0634	2.8983
1.16	32	0.01562	13.5485	1.1614	1.7889	2.6305	0.5630	0.2180	0.8408	1.3335	0.2184	0.8407	1.3075	0.3155	1.9756	2.7919
1.16	32	0.03125	14.2869	1.5495	2.1751	3.7687	0.5631	0.3654	1.2860	1.3335	0.3656	1.2859	1.3080	0.5365	3.1358	2.7646
1.16	32	0.06250	15.4755	2.4079	3.0101	7.4867	0.5634	0.9488	2.2982	1.3291	0.9493	2.2984	1.3120	2.2970	6.9426	2.7544
1.20	16	0.00391	10.4357	0.7274	1.3389	1.5303	0.5661	0.1592	0.2732	1.3080	0.1588	0.2729	1.3239	0.2536	0.5234	0.0
1.20	16	0.00781	11.0802	0.8400	1.4606	1.8239	0.5601	0.1760	0.4944	1.2969	0.1757	0.4932	1.3256	0.2728	0.9841	0.0
1.20	16	0.01562	11.8630	1.1585	1.7899	2.5481	0.5646	0.2181	0.8386	1.3028	0.2182	0.8391	1.3247	0.3164	1.7680	0.0
1.20	16	0.03125	12.5479	1.5372	2.1664	3.4958	0.5582	0.3585	1.2662	1.2963	0.3582	1.2672	1.3356	0.5170	2.7437	0.0
1.20	16	0.06250	13.8181	2.4891	3.0661	6.0624	0.5640	0.9976	2.3934	1.3088	0.9975	2.3935	1.3318	2.6605	5.5413	0.0
1.20	32	0.00391	11.4673	0.7273	1.3377	1.4968	0.5649	0.1587	0.2733	1.3298	0.1587	0.2733	1.3096	0.2558	0.5425	2.8788
1.20	32	0.00781	12.1585	0.8389	1.4547	1.8138	0.5639	0.1735	0.4911	1.3293	0.1735	0.4906	1.3094	0.2751	1.0595	2.8977
1.20	32	0.01562	12.9326	1.1576	1.7853	2.6155	0.5634	0.2172	0.8369	1.3291	0.2173	0.8369	1.3109	0.3146	1.9587	2.8121
1.20	32	0.03125	13.5769	1.5341	2.1601	3.6794	0.5656	0.3592	1.2666	1.3165	0.3566	1.2635	1.3199	0.5145	3.0481	2.7692
1.20	32	0.06250	14.7625	2.4857	3.0629	7.9230	0.5630	0.9947	2.3898	1.3331	0.9943	2.3894	1.3131	2.6599	7.4217	2.7577
