
Column	My(ms)	WAH(ms)	My(MB)	WAH(MB)
loOrderDate	3.19	381.31	257.49	144.89
loDiscount	0.60	4.87	42.92	44.30
loQuantity	1.39	16.83	143.05	147.67
loSuppCity	0.80	10.06	71.53	73.83
custCity	0.97	8.84	71.53	71.67
partMfgr	3.16	51.68	286.10	283.48
Total	10.11	473.59	872.61	765.84
RTScanSieve	0.00	0.00	24695.7	3420
RTScanRays	0.00	0.00	2505.57	5396

Case	WAH	RTScan
S11	0.2385	0.9978
S12	0.1975	1.1918
S13	0.1577	1.7910
S21	0.1545	99999.9
S22	0.1141	99999.9
S23	0.0739	99999.9
S31	0.2317	99999.9
S32	0.2356	99999.9
S33	0.1957	99999.9
S34	0.1348	99999.9
S41	0.2046	99999.9
S42	0.3122	99999.9
S43	0.3500	99999.9

Case	Join
SSB11	0.7358
SSB12	0.4011
SSB13	0.3436
SSB21	0.7870
SSB22	0.6836
SSB23	0.6490
SSB31	1.1258
SSB32	0.8250
SSB33	0.6352
SSB34	0.4349
SSB41	1.8105
SSB42	1.4323
SSB43	0.9976

Case	PftNprg	OrsNprg	ChkNprg	PftStg1	PftStg2	PftStg3	OrsStg1	OrsStg2	OrsStg3	ChkStg1	ChkStg2	ChkStg3
SSB11	0.1202	0.1635	0.2547	0.0419	0.0300	0.1251	0.0872	0.0297	0.1247	0.0915	0.0309	0.2202
SSB12	0.0363	0.0745	0.0901	0.1138	0.0155	0.0211	0.0893	0.0138	0.0199	0.0898	0.0157	0.0424
SSB13	0.0275	0.0568	0.0646	0.0349	0.0135	0.0161	0.0660	0.0128	0.0161	0.0817	0.0151	0.0253
SSB21	0.1360	0.1602	0.1912	0.0302	0.0174	0.1560	0.0621	0.0172	0.1556	0.0740	0.0299	0.1982
SSB22	0.0589	0.0870	0.0939	0.0311	0.0143	0.0575	0.0638	0.0147	0.0578	0.0650	0.0167	0.0689
SSB23	0.0256	0.0359	0.0495	0.0300	0.0133	0.0199	0.0392	0.0134	0.0200	0.0536	0.0158	0.0323
SSB31	0.3444	0.3922	0.4211	0.0417	0.0512	0.3534	0.0880	0.0521	0.3535	0.0915	0.0609	0.3817
SSB32	0.0843	0.1271	0.1365	0.0424	0.0164	0.0623	0.0823	0.0143	0.0600	0.0870	0.0172	0.0672
SSB33	0.0443	0.0815	0.0880	0.0393	0.0136	0.0252	0.0784	0.0129	0.0250	0.0867	0.0152	0.0340
SSB34	0.0333	0.0707	0.0731	0.0364	0.0127	0.0171	0.0710	0.0121	0.0171	0.0858	0.0138	0.0219
SSB41	0.2971	0.3410	0.4160	0.0417	0.0247	0.3137	0.0880	0.0252	0.3138	0.0915	0.0325	0.3815
SSB42	0.1408	0.2060	0.2390	0.0527	0.0170	0.1395	0.1127	0.0169	0.1393	0.1183	0.0203	0.1676
SSB43	0.0541	0.1084	0.1203	0.0501	0.0134	0.0251	0.1054	0.0131	0.0251	0.1213	0.0145	0.0358

Case	Perfect	ManyOrs	Candchk
SSB11	0.1212	0.1682	0.2571
SSB12	0.0429	0.0833	0.0944
SSB13	0.0352	0.0676	0.0714
SSB21	0.1365	0.1621	0.1934
SSB22	0.0623	0.0934	0.0966
SSB23	0.0313	0.0408	0.0540
SSB31	0.3502	0.4037	0.4257
SSB32	0.1038	0.1552	0.1433
SSB33	0.0601	0.1078	0.0963
SSB34	0.0479	0.0955	0.0816
SSB41	0.2985	0.3442	0.4196
SSB42	0.1468	0.2177	0.2448
SSB43	0.0658	0.1242	0.1319

Seletiv	Method1	Method2
0.00195	0.0529	0.0700
0.00391	0.0734	0.1072
0.00781	0.0960	0.0930
0.01562	0.1257	0.1223
0.03125	0.1658	0.1578
0.06250	0.2536	0.2402

Skew	BitW	Seletiv	Join	Perfect	ManyOrs	CandChk	PftStg1	PftStg2	PftStg3	OrsStg1	OrsStg2	OrsStg3	ChkStg1	ChkStg2	ChkStg3	WAH
1.04	16	0.00391	0.7871	0.0807	0.1394	0.1305	0.0549	0.0290	0.0660	0.0975	0.0155	0.0493	0.0922	0.0187	0.0827	0.0
1.04	16	0.00781	0.8134	0.0938	0.1496	0.1820	0.0413	0.0186	0.0755	0.0920	0.0185	0.0759	0.0922	0.0233	0.1401	0.0
1.04	16	0.01562	0.8464	0.1225	0.1776	0.2525	0.0412	0.0264	0.1063	0.0916	0.0265	0.1063	0.0978	0.0435	0.2193	0.0
1.04	16	0.03125	0.8854	0.1583	0.2152	0.3065	0.0411	0.0430	0.1431	0.0917	0.0430	0.1431	0.0922	0.0563	0.2649	0.0
1.04	16	0.06250	0.9652	0.2389	0.2933	0.4035	0.0412	0.1068	0.2185	0.0924	0.1083	0.2205	0.0922	0.1100	0.3670	0.0
1.04	32	0.00391	0.8854	0.0817	0.1391	0.1312	0.0445	0.0159	0.0493	0.0971	0.0157	0.0492	0.0919	0.0184	0.0842	0.2784
1.04	32	0.00781	0.9070	0.0932	0.1490	0.1916	0.0415	0.0181	0.0750	0.0915	0.0180	0.0750	0.0919	0.0233	0.1531	0.2686
1.04	32	0.01562	0.9309	0.1220	0.1769	0.2721	0.0431	0.0280	0.1084	0.0931	0.0283	0.1088	0.0939	0.0406	0.2360	0.2637
1.04	32	0.03125	0.9561	0.1570	0.2140	0.3305	0.0412	0.0427	0.1423	0.0911	0.0427	0.1424	0.0919	0.0561	0.2899	0.2597
1.04	32	0.06250	1.0151	0.2383	0.2935	0.4397	0.0412	0.1067	0.2183	0.0912	0.1066	0.2182	0.0918	0.1097	0.4028	0.2601
1.08	16	0.00391	0.7857	0.0791	0.1378	0.1233	0.0460	0.0155	0.0428	0.1007	0.0152	0.0428	0.0933	0.0181	0.0696	0.0
1.08	16	0.00781	0.8114	0.0871	0.1449	0.1486	0.0418	0.0171	0.0689	0.0931	0.0172	0.0694	0.0923	0.0201	0.1081	0.0
1.08	16	0.01562	0.8426	0.1176	0.1733	0.2151	0.0418	0.0233	0.0985	0.0917	0.0228	0.0975	0.0924	0.0298	0.1744	0.0
1.08	16	0.03125	0.8767	0.1510	0.2053	0.3312	0.0413	0.0361	0.1307	0.0919	0.0362	0.1309	0.0923	0.0701	0.2922	0.0
1.08	16	0.06250	0.9714	0.2344	0.2847	0.4290	0.0412	0.0881	0.2104	0.0918	0.0882	0.2106	0.0923	0.1301	0.3930	0.0
1.08	32	0.00391	0.8814	0.0792	0.1375	0.1234	0.0473	0.0176	0.0453	0.0999	0.0152	0.0425	0.0927	0.0179	0.0708	0.2742
1.08	32	0.00781	0.9075	0.0868	0.1442	0.1520	0.0419	0.0171	0.0685	0.0923	0.0170	0.0688	0.0919	0.0200	0.1142	0.2714
1.08	32	0.01562	0.9346	0.1177	0.1728	0.2280	0.0412	0.0226	0.0972	0.0910	0.0225	0.0973	0.0918	0.0293	0.1902	0.2937
1.08	32	0.03125	0.9595	0.1510	0.2045	0.3740	0.0411	0.0356	0.1302	0.0911	0.0356	0.1303	0.0919	0.0697	0.3346	0.2593
1.08	32	0.06250	1.0155	0.2352	0.2852	0.4938	0.0412	0.0882	0.2102	0.0912	0.0880	0.2100	0.0918	0.1301	0.4578	0.2591
1.12	16	0.00391	0.7852	0.0794	0.1380	0.1230	0.0460	0.0156	0.0429	0.1026	0.0176	0.0455	0.0934	0.0181	0.0691	0.0
1.12	16	0.00781	0.8141	0.0866	0.1446	0.1469	0.0418	0.0169	0.0686	0.0929	0.0168	0.0686	0.0923	0.0199	0.1056	0.0
1.12	16	0.01562	0.8478	0.1176	0.1730	0.2037	0.0412	0.0224	0.0956	0.0916	0.0224	0.0957	0.0923	0.0278	0.1631	0.0
1.12	16	0.03125	0.8821	0.1508	0.2045	0.2856	0.0412	0.0344	0.1285	0.0916	0.0343	0.1286	0.0922	0.0490	0.2406	0.0
1.12	16	0.06250	0.9649	0.2150	0.2696	0.4420	0.0413	0.0764	0.1957	0.0918	0.0762	0.1963	0.0922	0.1501	0.4060	0.0
1.12	32	0.00391	0.8742	0.0792	0.1375	0.1233	0.0461	0.0157	0.0425	0.1001	0.0152	0.0425	0.0928	0.0180	0.0704	0.2759
1.12	32	0.00781	0.9083	0.0866	0.1441	0.1506	0.0418	0.0171	0.0683	0.0924	0.0168	0.0682	0.0919	0.0198	0.1114	0.2714
1.12	32	0.01562	0.9399	0.1176	0.1729	0.2141	0.0412	0.0222	0.0954	0.0911	0.0221	0.0956	0.0919	0.0274	0.1774	0.2622
1.12	32	0.03125	0.9673	0.1507	0.2041	0.3065	0.0413	0.0342	0.1277	0.0911	0.0342	0.1277	0.0919	0.0487	0.2652	0.2604
1.12	32	0.06250	1.0177	0.2152	0.2704	0.5305	0.0412	0.0762	0.1959	0.0913	0.0759	0.1963	0.0919	0.1503	0.4981	0.2594
1.16	16	0.00391	0.7776	0.0793	0.1379	0.1228	0.0458	0.0156	0.0426	0.1007	0.0152	0.0425	0.0934	0.0181	0.0689	0.0
1.16	16	0.00781	0.8120	0.0868	0.1444	0.1463	0.0419	0.0169	0.0684	0.0930	0.0168	0.0683	0.0922	0.0198	0.1049	0.0
1.16	16	0.01562	0.8521	0.1177	0.1734	0.2034	0.0412	0.0225	0.0963	0.0916	0.0225	0.0964	0.0922	0.0277	0.1631	0.0
1.16	16	0.03125	0.8896	0.1522	0.2055	0.2840	0.0412	0.0353	0.1302	0.0917	0.0354	0.1302	0.0923	0.0483	0.2390	0.0
1.16	16	0.06250	1.0051	0.2335	0.2859	0.4670	0.0412	0.0803	0.2051	0.0918	0.0797	0.2049	0.0922	0.1832	0.4280	0.0
1.16	32	0.00391	0.8600	0.0797	0.1374	0.1230	0.0461	0.0157	0.0425	0.1000	0.0153	0.0425	0.0928	0.0179	0.0701	0.2740
1.16	32	0.00781	0.8994	0.0862	0.1440	0.1494	0.0419	0.0170	0.0683	0.0924	0.0169	0.0679	0.0919	0.0198	0.1104	0.2710
1.16	32	0.01562	0.9388	0.1177	0.1728	0.2144	0.0413	0.0224	0.0963	0.0912	0.0224	0.0966	0.0919	0.0274	0.1771	0.2632
1.16	32	0.03125	0.9718	0.1520	0.2055	0.3035	0.0413	0.0355	0.1296	0.0913	0.0353	0.1298	0.0918	0.0481	0.2617	0.2601
1.16	32	0.06250	1.0495	0.2338	0.2857	0.5758	0.0413	0.0803	0.2045	0.0913	0.0799	0.2044	0.0920	0.1836	0.5457	0.2590
1.20	16	0.00391	0.7631	0.0793	0.1374	0.1226	0.0461	0.0155	0.0417	0.1008	0.0151	0.0418	0.0934	0.0181	0.0678	0.0
1.20	16	0.00781	0.8011	0.0866	0.1446	0.1456	0.0420	0.0169	0.0683	0.0932	0.0167	0.0682	0.0922	0.0198	0.1046	0.0
1.20	16	0.01562	0.8465	0.1173	0.1731	0.2024	0.0412	0.0226	0.0958	0.0917	0.0226	0.0957	0.0923	0.0276	0.1617	0.0
1.20	16	0.03125	0.8863	0.1505	0.2041	0.2786	0.0413	0.0348	0.1287	0.0917	0.0348	0.1288	0.0922	0.0466	0.2335	0.0
1.20	16	0.06250	1.0139	0.2430	0.2939	0.4833	0.0413	0.0842	0.2095	0.0920	0.0840	0.2093	0.0922	0.2116	0.4435	0.0
1.20	32	0.00391	0.8422	0.0793	0.1377	0.1225	0.0461	0.0156	0.0423	0.1001	0.0151	0.0422	0.0929	0.0178	0.0693	0.2743
1.20	32	0.00781	0.8842	0.0866	0.1438	0.1490	0.0421	0.0170	0.0678	0.0925	0.0168	0.0679	0.0919	0.0197	0.1101	0.2711
1.20	32	0.01562	0.9277	0.1172	0.1727	0.2129	0.0413	0.0222	0.0957	0.0911	0.0222	0.0960	0.0919	0.0271	0.1756	0.2634
1.20	32	0.03125	0.9635	0.1507	0.2042	0.2976	0.0413	0.0346	0.1283	0.0930	0.0361	0.1302	0.0919	0.0462	0.2556	0.2608
1.20	32	0.06250	1.0599	0.2429	0.2941	0.6085	0.0412	0.0837	0.2085	0.0912	0.0837	0.2086	0.0921	0.2117	0.5797	0.2596
