
Column	My(ms)	WAH(ms)	My(MB)	WAH(MB)
loOrderDate	105.49	931.83	1802.44	1014.24
loDiscount	3.27	12.96	300.41	310.10
loQuantity	8.79	45.46	1001.36	1033.66
loSuppCity	4.72	29.19	500.68	516.83
custCity	5.87	28.83	500.68	501.69
partMfgr	24.44	182.53	2002.72	2006.12
Total	152.59	1230.80	6108.28	5382.63
RTScanSieve	0.00	0.00	24695.7	3420
RTScanRays	0.00	0.00	2505.57	5396

Case	WAH	RTScan
S11	1.3866	0.9978
S12	1.0014	1.1918
S13	0.8647	1.7910
S21	0.9144	99999.9
S22	0.5124	99999.9
S23	0.2586	99999.9
S31	1.3262	99999.9
S32	1.2288	99999.9
S33	1.0263	99999.9
S34	0.5725	99999.9
S41	1.0378	99999.9
S42	1.7829	99999.9
S43	1.7210	99999.9

Case	Join
SSB11	4.8732
SSB12	2.7580
SSB13	2.3581
SSB21	5.4330
SSB22	4.7284
SSB23	4.4913
SSB31	7.8705
SSB32	5.8036
SSB33	4.5279
SSB34	2.9952
SSB41	13.1209
SSB42	10.4670
SSB43	7.1951

Case	PftNprg	OrsNprg	ChkNprg	PftStg1	PftStg2	PftStg3	OrsStg1	OrsStg2	OrsStg3	ChkStg1	ChkStg2	ChkStg3
SSB11	0.7886	1.0964	1.7166	0.2885	0.2060	0.6968	0.6368	0.1622	0.6958	0.6784	0.1790	1.3596
SSB12	0.2493	0.4894	0.5758	0.2655	0.0862	0.0741	0.5582	0.0857	0.0742	0.5998	0.1312	0.1261
SSB13	0.1964	0.3683	0.4439	0.2185	0.0826	0.0345	0.4299	0.0824	0.0345	0.4772	0.1298	0.0442
SSB21	0.8867	1.0619	1.2667	0.2084	0.1011	0.8852	0.4624	0.1021	0.8848	0.4835	0.1512	1.0957
SSB22	0.3460	0.5309	0.5850	0.2072	0.0884	0.2405	0.4605	0.0886	0.2401	0.4821	0.1363	0.2879
SSB23	0.2018	0.2581	0.3294	0.1823	0.0815	0.0490	0.2357	0.0811	0.0490	0.3293	0.1304	0.0787
SSB31	2.4868	2.7928	2.9955	0.2880	0.3070	2.4581	0.6386	0.3082	2.4593	0.6811	0.3729	2.6520
SSB32	0.5109	0.7923	0.8668	0.2716	0.0891	0.2595	0.5865	0.0895	0.2597	0.6363	0.1333	0.2790
SSB33	0.3316	0.5577	0.6159	0.2385	0.0819	0.0641	0.4985	0.0812	0.0641	0.5348	0.1285	0.0644
SSB34	0.2268	0.4539	0.4718	0.2400	0.0785	0.0265	0.4996	0.0780	0.0271	0.5356	0.1268	0.0301
SSB41	2.0723	2.3657	3.0582	0.2902	0.1331	2.0602	0.6423	0.1338	2.0600	0.6816	0.1885	2.7558
SSB42	0.9211	1.3587	1.6147	0.3686	0.0992	0.8244	0.8272	0.1020	0.8252	0.8733	0.1404	1.0711
SSB43	0.3892	0.7356	0.8448	0.3275	0.0800	0.0457	0.7076	0.0818	0.0485	0.7636	0.1299	0.0565

Case	Perfect	ManyOrs	Candchk
SSB11	0.8919	1.0985	1.7066
SSB12	0.2895	0.5419	0.6360
SSB13	0.2433	0.4408	0.5171
SSB21	0.8868	1.0617	1.2487
SSB22	0.3613	0.5661	0.6361
SSB23	0.2332	0.2870	0.3932
SSB31	2.4860	2.8271	2.9645
SSB32	0.6396	0.9999	0.9884
SSB33	0.4476	0.7547	0.7241
SSB34	0.3345	0.6383	0.5375
SSB41	2.0738	2.3690	3.0456
SSB42	0.9371	1.4013	1.8165
SSB43	0.4669	0.8316	1.1147

Seletiv	Method1	Method2
0.00195	0.3325	0.3485
0.00391	0.4256	0.3923
0.00781	0.5465	0.4714
0.01562	0.7395	0.6500
0.03125	0.9814	0.8824
0.06250	1.5008	1.3520

Skew	BitW	Seletiv	Join	Perfect	ManyOrs	CandChk	PftStg1	PftStg2	PftStg3	OrsStg1	OrsStg2	OrsStg3	ChkStg1	ChkStg2	ChkStg3	WAH
1.04	16	0.00391	6.6175	0.3979	0.7182	0.8354	0.2871	0.0962	0.1959	0.6577	0.0935	0.1915	0.6787	0.1410	0.3790	0.0
1.04	16	0.00781	7.1468	0.4806	0.8066	1.1411	0.2865	0.1057	0.3323	0.6653	0.1093	0.3363	0.6773	0.1550	0.7750	0.0
1.04	16	0.01562	7.6757	0.6549	0.9901	1.6448	0.2832	0.1400	0.5320	0.6580	0.1411	0.5330	0.6779	0.2242	1.2832	0.0
1.04	16	0.03125	8.1765	0.8877	1.2273	2.0173	0.2863	0.2528	0.7909	0.6639	0.2549	0.7940	0.6746	0.3432	1.6585	0.0
1.04	16	0.06250	9.0032	1.3549	1.6883	2.6924	0.2831	0.6924	1.3290	0.6582	0.6926	1.3283	0.6737	0.7130	2.3559	0.0
1.04	32	0.00391	7.3074	0.3918	0.7222	0.8577	0.2844	0.0937	0.1908	0.6615	0.0936	0.1906	0.6772	0.1394	0.3943	1.5369
1.04	32	0.00781	7.9356	0.4732	0.8123	1.1999	0.2836	0.1034	0.3294	0.6613	0.1043	0.3293	0.6753	0.1538	0.8727	1.5244
1.04	32	0.01562	8.5784	0.6521	0.9943	1.7679	0.2833	0.1398	0.5305	0.6630	0.1405	0.5311	0.6768	0.2232	1.4407	1.4620
1.04	32	0.03125	9.1475	0.8835	1.2264	2.1687	0.2828	0.2507	0.7874	0.6611	0.2514	0.7891	0.6801	0.3433	1.8433	1.4655
1.04	32	0.06250	10.0895	1.3537	1.6875	2.9231	0.2847	0.6914	1.3292	0.6643	0.6928	1.3353	0.6775	0.7115	2.6259	1.4519
1.08	16	0.00391	6.1762	0.3843	0.7066	0.7891	0.2852	0.0919	0.1614	0.6604	0.0935	0.1640	0.6780	0.1395	0.2956	0.0
1.08	16	0.00781	6.6099	0.4356	0.7708	0.9497	0.2861	0.0996	0.2768	0.6618	0.1006	0.2775	0.6763	0.1455	0.5489	0.0
1.08	16	0.01562	7.1000	0.6120	0.9428	1.3898	0.2842	0.1219	0.4614	0.6588	0.1222	0.4611	0.6756	0.1737	1.0169	0.0
1.08	16	0.03125	7.5172	0.8148	1.1424	2.1930	0.2844	0.2016	0.6919	0.6619	0.2017	0.6920	0.6734	0.4381	1.8417	0.0
1.08	16	0.06250	8.2576	1.2821	1.5997	2.8620	0.2840	0.5619	1.2505	0.6590	0.5617	1.2503	0.6763	0.8525	2.5355	0.0
1.08	32	0.00391	6.7696	0.3841	0.7036	0.7994	0.2850	0.0921	0.1611	0.6635	0.0919	0.1614	0.6756	0.1386	0.3026	1.5171
1.08	32	0.00781	7.2761	0.4343	0.7665	0.9809	0.2844	0.0993	0.2759	0.6635	0.0994	0.2759	0.6761	0.1447	0.5917	1.5535
1.08	32	0.01562	7.8272	0.6102	0.9407	1.4683	0.2836	0.1217	0.4596	0.6602	0.1218	0.4592	0.6747	0.1738	1.1356	1.4674
1.08	32	0.03125	8.2944	0.8139	1.1431	2.4756	0.2834	0.2017	0.6906	0.6630	0.2011	0.6907	0.6765	0.4370	2.1592	1.4693
1.08	32	0.06250	9.0967	1.2778	1.5978	3.3008	0.2834	0.5607	1.2442	0.6570	0.5605	1.2443	0.6754	0.8504	3.0055	1.4557
1.12	16	0.00391	5.8641	0.3829	0.7023	0.7845	0.2845	0.0918	0.1608	0.6585	0.0916	0.1610	0.6753	0.1374	0.2901	0.0
1.12	16	0.00781	6.2576	0.4342	0.7646	0.9391	0.2854	0.0991	0.2742	0.6606	0.0995	0.2739	0.6752	0.1453	0.5347	0.0
1.12	16	0.01562	6.6945	0.6072	0.9352	1.3190	0.2836	0.1196	0.4513	0.6580	0.1195	0.4513	0.6750	0.1656	0.9411	0.0
1.12	16	0.03125	7.0670	0.8031	1.1301	1.8545	0.2836	0.1916	0.6723	0.6581	0.1913	0.6719	0.6751	0.2923	1.4943	0.0
1.12	16	0.06250	7.6621	1.2040	1.5263	2.9378	0.2849	0.4788	1.1547	0.6614	0.4802	1.1559	0.6771	0.9910	2.6290	0.0
1.12	32	0.00391	6.4273	0.3848	0.7045	0.7971	0.2851	0.0931	0.1628	0.6632	0.0929	0.1619	0.6766	0.1382	0.2999	1.5162
1.12	32	0.00781	6.8695	0.4342	0.7653	0.9709	0.2844	0.0990	0.2740	0.6625	0.0996	0.2741	0.6779	0.1444	0.5744	1.5252
1.12	32	0.01562	7.3411	0.6089	0.9375	1.3891	0.2856	0.1216	0.4524	0.6636	0.1207	0.4504	0.6753	0.1667	1.0429	1.4726
1.12	32	0.03125	7.7425	0.8068	1.1332	1.9970	0.2843	0.1922	0.6727	0.6581	0.1928	0.6741	0.6758	0.2936	1.6691	1.4573
1.12	32	0.06250	8.3565	1.2056	1.5273	3.5718	0.2858	0.4800	1.1596	0.6649	0.4802	1.1619	0.6771	0.9920	3.2877	1.4522
1.16	16	0.00391	5.6226	0.3880	0.7069	0.7896	0.2843	0.0922	0.1611	0.6615	0.0945	0.1647	0.6775	0.1406	0.2933	0.0
1.16	16	0.00781	5.9797	0.4353	0.7649	0.9410	0.2891	0.1036	0.2772	0.6612	0.1007	0.2748	0.6778	0.1483	0.5306	0.0
1.16	16	0.01562	6.4067	0.6125	0.9410	1.3219	0.2858	0.1239	0.4597	0.6592	0.1223	0.4587	0.6770	0.1671	0.9429	0.0
1.16	16	0.03125	6.7790	0.8161	1.1441	1.8391	0.2866	0.1999	0.6891	0.6620	0.2001	0.6900	0.6772	0.2912	1.4813	0.0
1.16	16	0.06250	7.3778	1.2672	1.5782	3.0720	0.2831	0.5050	1.2133	0.6554	0.5054	1.2134	0.6764	1.2134	2.7883	0.0
1.16	32	0.00391	6.1495	0.3874	0.7034	0.8018	0.2841	0.0921	0.1608	0.6616	0.0917	0.1608	0.6790	0.1374	0.2987	1.5162
1.16	32	0.00781	6.5373	0.4330	0.7647	0.9668	0.2835	0.0989	0.2718	0.6616	0.0987	0.2717	0.6786	0.1436	0.5655	1.5252
1.16	32	0.01562	6.9742	0.6116	0.9400	1.3887	0.2830	0.1205	0.4555	0.6615	0.1209	0.4560	0.6787	0.1656	1.0397	1.4710
1.16	32	0.03125	7.3399	0.8165	1.1436	1.9731	0.2858	0.2010	0.6903	0.6649	0.2015	0.6931	0.6757	0.2896	1.6435	1.4582
1.16	32	0.06250	7.9291	1.2667	1.5765	3.8943	0.2832	0.5047	1.2121	0.6630	0.5078	1.2187	0.6775	1.2154	3.6213	1.4540
1.20	16	0.00391	5.4160	0.3900	0.7024	0.7841	0.2858	0.0939	0.1637	0.6589	0.0946	0.1644	0.6776	0.1398	0.2890	0.0
1.20	16	0.00781	5.7465	0.4433	0.7639	0.9344	0.2866	0.1020	0.2732	0.6602	0.0994	0.2702	0.6767	0.1471	0.5284	0.0
1.20	16	0.01562	6.1456	0.6100	0.9420	1.3121	0.2852	0.1220	0.4550	0.6586	0.1213	0.4543	0.6765	0.1660	0.9332	0.0
1.20	16	0.03125	6.4952	0.8079	1.1359	1.8019	0.2865	0.1951	0.6790	0.6614	0.1959	0.6803	0.6761	0.2775	1.4400	0.0
1.20	16	0.06250	7.1497	1.3078	1.6069	3.1521	0.2847	0.5305	1.2634	0.6591	0.5307	1.2649	0.6785	1.4061	2.8948	0.0
1.20	32	0.00391	5.9331	0.3876	0.7031	0.7945	0.2876	0.0958	0.1648	0.6634	0.0925	0.1608	0.6774	0.1397	0.2967	1.5148
1.20	32	0.00781	6.2827	0.4455	0.7639	0.9623	0.2836	0.0989	0.2701	0.6622	0.0986	0.2699	0.6753	0.1444	0.5628	1.5252
1.20	32	0.01562	6.6762	0.6110	0.9377	1.3747	0.2848	0.1212	0.4541	0.6633	0.1209	0.4539	0.6766	0.1664	1.0330	1.4698
1.20	32	0.03125	7.0044	0.8068	1.1355	1.9284	0.2846	0.1950	0.6783	0.6629	0.1947	0.6784	0.6793	0.2781	1.5996	1.4554
1.20	32	0.06250	7.6114	1.3063	1.6048	4.1193	0.2834	0.5290	1.2616	0.6610	0.5284	1.2611	0.6779	1.4030	3.8649	1.4488
