
Column	My(ms)	WAH(ms)	My(MB)	WAH(MB)
loOrderDate	7.22	52.03	1287.54	754.52
loDiscount	1.59	10.93	214.59	221.51
loQuantity	5.52	29.16	715.30	737.30
loSuppCity	4.17	14.31	357.65	369.19
custCity	4.96	16.08	357.65	358.38
partMfgr	8.80	141.20	1430.60	1415.35
Total	32.27	263.71	4363.34	3856.24
RTScanSiev/Rays	39796.2	4560	1377.23	6004

Case	WAH	RTScan
S11	0.8204	0.35083
S12	0.5566	0.35098
S13	0.4991	0.35303
S21	0.4905	99999.9
S22	0.2693	99999.9
S23	0.1509	99999.9
S31	0.7005	99999.9
S32	0.6248	99999.9
S33	0.5065	99999.9
S34	0.2988	99999.9
S41	0.6868	99999.9
S42	1.0709	99999.9
S43	1.0282	99999.9

Case	Join
SSB11	2.8606
SSB12	1.5644
SSB13	1.4414
SSB21	2.8090
SSB22	2.4302
SSB23	2.2645
SSB31	3.9952
SSB32	2.9426
SSB33	2.3254
SSB34	1.6063
SSB41	4.8981
SSB42	3.6897
SSB43	2.6025

Case	PftNprg	OrsNprg	ChkNprg	PftStg1	PftStg2	PftStg3	OrsStg1	OrsStg2	OrsStg3	ChkStg1	ChkStg2	ChkStg3
SSB11	0.4791	0.7375	1.1200	0.1671	0.0933	0.4484	0.4320	0.0958	0.4506	0.4879	0.1179	0.8944
SSB12	0.1252	0.2910	0.3317	0.1489	0.0277	0.0627	0.3273	0.0274	0.0916	0.3643	0.0862	0.1011
SSB13	0.0900	0.1950	0.2137	0.1265	0.0256	0.0177	0.2542	0.0256	0.0178	0.2987	0.0864	0.0309
SSB21	0.5508	0.6682	0.7815	0.1155	0.0437	0.5874	0.2933	0.0436	0.5877	0.3458	0.1054	0.6965
SSB22	0.1866	0.3328	0.3590	0.1128	0.0287	0.1960	0.2792	0.0285	0.1957	0.3354	0.0915	0.2078
SSB23	0.0843	0.1124	0.1569	0.1150	0.0254	0.0309	0.1420	0.0255	0.0309	0.1957	0.0852	0.0591
SSB31	1.3569	1.5845	1.7019	0.1663	0.1722	1.3935	0.4292	0.1724	1.3930	0.4879	0.2091	1.4735
SSB32	0.2205	0.4028	0.4286	0.1421	0.0296	0.2117	0.3392	0.0291	0.2116	0.4007	0.0857	0.2022
SSB33	0.1157	0.2522	0.2625	0.1381	0.0358	0.0516	0.2925	0.0265	0.0497	0.3286	0.0846	0.0474
SSB34	0.0921	0.2366	0.2381	0.1400	0.0255	0.0177	0.2911	0.0251	0.0171	0.3276	0.0846	0.0216
SSB41	1.1708	1.3655	1.6856	0.1677	0.0758	1.2180	0.4295	0.0751	1.2146	0.4879	0.1213	1.5258
SSB42	0.5146	0.8004	0.8888	0.2134	0.0339	0.4887	0.5622	0.0341	0.4888	0.6220	0.0864	0.5819
SSB43	0.1474	0.3998	0.4160	0.1959	0.0264	0.0270	0.4543	0.0252	0.0256	0.4994	0.0852	0.0348

Case	Perfect	ManyOrs	Candchk
SSB11	0.4787	0.7398	1.0746
SSB12	0.1392	0.3036	0.3405
SSB13	0.1086	0.2198	0.2331
SSB21	0.5464	0.6639	0.7446
SSB22	0.1906	0.3406	0.3548
SSB23	0.0964	0.1232	0.1818
SSB31	1.3542	1.5816	1.6140
SSB32	0.2335	0.4155	0.4392
SSB33	0.1334	0.2689	0.2695
SSB34	0.1065	0.2493	0.2399
SSB41	1.1602	1.3591	1.5868
SSB42	0.5168	0.7993	0.8615
SSB43	0.1639	0.4099	0.4108

Seletiv	Method1	Method2
0.01000	0.1527	0.1580
0.02000	0.1697	0.1785
0.03000	0.2045	0.1974
0.04000	0.2299	0.2151
0.05000	0.2548	0.2346
0.06000	0.2896	0.2689
0.07000	0.3176	0.3014
0.08000	0.3456	0.3237

Skew	BitW	Seletiv	Join	Perfect	ManyOrs	CandChk	PftStg1	PftStg2	PftStg3	OrsStg1	OrsStg2	OrsStg3	ChkStg1	ChkStg2	ChkStg3	WAH
1.04	16	0.00781	2.3795	0.1560	0.4141	0.4198	0.1860	0.0256	0.0180	0.4553	0.0257	0.0182	0.4928	0.0883	0.0277	0.0
1.04	16	0.01562	2.6813	0.1646	0.4193	0.4518	0.1854	0.0273	0.0343	0.4555	0.0272	0.0346	0.4905	0.0857	0.0631	0.0
1.04	16	0.03125	2.8583	0.2009	0.4545	0.5004	0.1713	0.0295	0.1162	0.4401	0.0293	0.1158	0.4887	0.0858	0.1827	0.0
1.04	16	0.06250	2.9253	0.2788	0.5396	0.7619	0.1685	0.0512	0.2392	0.4374	0.0510	0.2395	0.4888	0.1067	0.5590	0.0
1.04	16	0.12500	3.1416	0.4764	0.7466	1.1685	0.1679	0.1384	0.4144	0.4370	0.1386	0.4151	0.4890	0.1854	0.9407	0.0
1.04	32	0.00781	3.1464	0.1565	0.4148	0.4198	0.1861	0.0258	0.0181	0.4549	0.0258	0.0182	0.4957	0.0882	0.0274	0.4579
1.04	32	0.01562	3.4317	0.1655	0.4192	0.4529	0.1857	0.0273	0.0338	0.4555	0.0272	0.0340	0.4902	0.0856	0.0625	0.7077
1.04	32	0.03125	3.7784	0.2001	0.4543	0.5033	0.1704	0.0295	0.1154	0.4399	0.0293	0.1154	0.4882	0.0852	0.1879	0.8959
1.04	32	0.06250	4.0457	0.2771	0.5388	0.8517	0.1676	0.0506	0.2385	0.4371	0.0509	0.2391	0.4884	0.1050	0.6704	0.9301
1.04	32	0.12500	4.1628	0.4750	0.7471	1.2905	0.1670	0.1379	0.4143	0.4371	0.1380	0.4155	0.4883	0.1849	1.0986	0.9223
1.08	16	0.00781	2.2416	0.1541	0.4134	0.4182	0.1856	0.0253	0.0176	0.4541	0.0253	0.0177	0.4933	0.0866	0.0253	0.0
1.08	16	0.01562	2.5553	0.1620	0.4171	0.4376	0.1863	0.0271	0.0277	0.4565	0.0269	0.0281	0.4915	0.0859	0.0511	0.0
1.08	16	0.03125	2.8221	0.1951	0.4479	0.4856	0.1728	0.0291	0.0999	0.4413	0.0291	0.1000	0.4890	0.0853	0.1484	0.0
1.08	16	0.06250	3.0041	0.2508	0.5124	0.6282	0.1686	0.0436	0.2116	0.4379	0.0432	0.2114	0.4889	0.0930	0.4076	0.0
1.08	16	0.12500	3.1787	0.4532	0.7234	1.3362	0.1679	0.1272	0.3933	0.4371	0.1272	0.3941	0.4891	0.2489	1.0973	0.0
1.08	32	0.00781	3.0625	0.1543	0.4130	0.4182	0.1855	0.0253	0.0177	0.4534	0.0254	0.0177	0.4939	0.0872	0.0250	0.4193
1.08	32	0.01562	3.3022	0.1622	0.4173	0.4390	0.1866	0.0272	0.0273	0.4564	0.0271	0.0276	0.4909	0.0879	0.0505	0.6828
1.08	32	0.03125	3.6504	0.1949	0.4475	0.4881	0.1727	0.0293	0.0991	0.4414	0.0293	0.0991	0.4882	0.0850	0.1513	0.8708
1.08	32	0.06250	4.0272	0.2500	0.5120	0.6519	0.1678	0.0434	0.2105	0.4377	0.0433	0.2106	0.4883	0.0907	0.4493	0.9396
1.08	32	0.12500	4.2787	0.4528	0.7241	1.5024	0.1668	0.1259	0.3920	0.4371	0.1262	0.3922	0.4882	0.2486	1.2928	0.9212
1.12	16	0.00781	2.1613	0.1540	0.4132	0.4176	0.1855	0.0252	0.0173	0.4538	0.0252	0.0174	0.4930	0.0872	0.0246	0.0
1.12	16	0.01562	2.4579	0.1606	0.4169	0.4362	0.1862	0.0270	0.0262	0.4564	0.0272	0.0272	0.4911	0.0865	0.0497	0.0
1.12	16	0.03125	2.7363	0.1944	0.4466	0.4835	0.1737	0.0291	0.0965	0.4422	0.0290	0.0962	0.4887	0.0854	0.1417	0.0
1.12	16	0.06250	2.9998	0.2491	0.5097	0.6167	0.1685	0.0428	0.2089	0.4377	0.0420	0.2092	0.4887	0.0921	0.3929	0.0
1.12	16	0.12500	3.2692	0.4359	0.7049	1.1399	0.1675	0.1175	0.3775	0.4369	0.1175	0.3770	0.4885	0.1795	0.9164	0.0
1.12	32	0.00781	3.0305	0.1538	0.4128	0.4184	0.1853	0.0253	0.0172	0.4533	0.0252	0.0173	0.4936	0.0879	0.0247	0.4171
1.12	32	0.01562	3.2374	0.1610	0.4169	0.4374	0.1864	0.0272	0.0262	0.4561	0.0270	0.0267	0.4906	0.0889	0.0494	0.6514
1.12	32	0.03125	3.5576	0.1931	0.4470	0.4856	0.1727	0.0292	0.0962	0.4421	0.0291	0.0962	0.4880	0.0852	0.1443	0.8625
1.12	32	0.06250	3.9604	0.2482	0.5096	0.6395	0.1678	0.0423	0.2083	0.4378	0.0420	0.2083	0.4883	0.0905	0.4311	0.9325
1.12	32	0.12500	4.3243	0.4348	0.7064	1.2704	0.1668	0.1172	0.3755	0.4369	0.1173	0.3768	0.4883	0.1793	1.0809	0.9213
1.16	16	0.00781	2.1008	0.1539	0.4122	0.4181	0.1854	0.0253	0.0173	0.4537	0.0252	0.0173	0.4937	0.0870	0.0247	0.0
1.16	16	0.01562	2.3785	0.1613	0.4168	0.4356	0.1861	0.0271	0.0262	0.4565	0.0271	0.0266	0.4913	0.0863	0.0492	0.0
1.16	16	0.03125	2.6452	0.1948	0.4467	0.4832	0.1740	0.0290	0.0959	0.4424	0.0290	0.0955	0.4888	0.0855	0.1410	0.0
1.16	16	0.06250	2.9291	0.2501	0.5111	0.6194	0.1686	0.0435	0.2102	0.4380	0.0432	0.2107	0.4886	0.0924	0.3953	0.0
1.16	16	0.12500	3.2794	0.4414	0.7109	1.1209	0.1678	0.1208	0.3815	0.4374	0.1212	0.3817	0.4890	0.1741	0.8982	0.0
1.16	32	0.00781	3.0122	0.1540	0.4124	0.4181	0.1866	0.0265	0.0186	0.4531	0.0253	0.0172	0.4932	0.0877	0.0245	0.4155
1.16	32	0.01562	3.1965	0.1614	0.4175	0.4370	0.1864	0.0271	0.0261	0.4561	0.0270	0.0268	0.4903	0.0911	0.0497	0.6516
1.16	32	0.03125	3.4923	0.1941	0.4470	0.4854	0.1730	0.0291	0.0952	0.4422	0.0291	0.0953	0.4879	0.0850	0.1442	0.8597
1.16	32	0.06250	3.8883	0.2502	0.5113	0.6402	0.1678	0.0432	0.2102	0.4376	0.0429	0.2103	0.4882	0.0911	0.4341	0.9323
1.16	32	0.12500	4.2820	0.4413	0.7126	1.2454	0.1668	0.1207	0.3828	0.4372	0.1206	0.3802	0.4883	0.1744	1.0548	0.9203
1.20	16	0.00781	2.0560	0.1538	0.4133	0.4180	0.1853	0.0252	0.0173	0.4536	0.0252	0.0173	0.4929	0.0878	0.0243	0.0
1.20	16	0.01562	2.3161	0.1608	0.4170	0.4355	0.1863	0.0270	0.0261	0.4565	0.0272	0.0269	0.4910	0.0866	0.0490	0.0
1.20	16	0.03125	2.5679	0.1951	0.4468	0.4839	0.1737	0.0291	0.0967	0.4422	0.0290	0.0963	0.4888	0.0853	0.1426	0.0
1.20	16	0.06250	2.8430	0.2496	0.5106	0.6175	0.1683	0.0432	0.2101	0.4382	0.0426	0.2094	0.4888	0.0921	0.3934	0.0
1.20	16	0.12500	3.2099	0.4352	0.7050	1.0943	0.1677	0.1175	0.3767	0.4367	0.1174	0.3770	0.4888	0.1663	0.8750	0.0
1.20	32	0.00781	3.0015	0.1538	0.4123	0.4183	0.1853	0.0253	0.0172	0.4531	0.0253	0.0172	0.4932	0.0877	0.0246	0.4148
1.20	32	0.01562	3.1728	0.1607	0.4167	0.4370	0.1862	0.0271	0.0262	0.4560	0.0272	0.0266	0.4905	0.0902	0.0496	0.6514
1.20	32	0.03125	3.4531	0.1942	0.4474	0.4860	0.1728	0.0292	0.0964	0.4422	0.0292	0.0962	0.4883	0.0851	0.1458	0.8670
1.20	32	0.06250	3.8277	0.2496	0.5107	0.6395	0.1679	0.0428	0.2097	0.4377	0.0425	0.2097	0.4881	0.0905	0.4316	0.9321
1.20	32	0.12500	4.2059	0.4355	0.7063	1.2168	0.1669	0.1173	0.3758	0.4371	0.1174	0.3755	0.4883	0.1663	1.0266	0.9238
