
Column	My(ms)	WAH(ms)	My(MB)	WAH(MB)
loOrderDate	1.82	25.13	257.48	150.90
loDiscount	0.39	3.71	42.91	44.30
loQuantity	1.46	12.94	143.04	147.44
loSuppCity	1.18	6.30	71.52	73.83
custCity	1.30	6.69	71.52	71.67
partMfgr	1.86	37.66	286.09	283.04
Total	8.02	92.44	872.57	771.18
RTScanSiev/Rays	39796.2	4560	1377.23	6004

Case	WAH	RTScan
S11	0.1471	0.35083
S12	0.1147	0.35098
S13	0.0906	0.35303
S21	0.0848	99999.9
S22	0.0548	99999.9
S23	0.0428	99999.9
S31	0.1327	99999.9
S32	0.1268	99999.9
S33	0.0901	99999.9
S34	0.0661	99999.9
S41	0.1245	99999.9
S42	0.1878	99999.9
S43	0.1826	99999.9

Case	Join
SSB11	0.5837
SSB12	0.3259
SSB13	0.2937
SSB21	0.5655
SSB22	0.4883
SSB23	0.4556
SSB31	0.8082
SSB32	0.5905
SSB33	0.4711
SSB34	0.3253
SSB41	0.9840
SSB42	0.7437
SSB43	0.5191

Case	PftNprg	OrsNprg	ChkNprg	PftStg1	PftStg2	PftStg3	OrsStg1	OrsStg2	OrsStg3	ChkStg1	ChkStg2	ChkStg3
SSB11	0.1036	0.1527	0.2324	0.0410	0.0242	0.0986	0.0937	0.0237	0.0984	0.0951	0.0250	0.1860
SSB12	0.0164	0.0559	0.0613	0.0198	0.0104	0.0120	0.0643	0.0104	0.0120	0.0737	0.0126	0.0160
SSB13	0.0143	0.0426	0.0469	0.0186	0.0099	0.0117	0.0490	0.0103	0.0114	0.0539	0.0125	0.0140
SSB21	0.1149	0.1443	0.1673	0.0253	0.0145	0.1320	0.0618	0.0145	0.1320	0.0632	0.0165	0.1589
SSB22	0.0269	0.0631	0.0700	0.0250	0.0105	0.0222	0.0633	0.0106	0.0225	0.0666	0.0125	0.0409
SSB23	0.0144	0.0164	0.0230	0.0151	0.0103	0.0138	0.0183	0.0104	0.0137	0.0329	0.0123	0.0147
SSB31	0.2796	0.3275	0.3555	0.0360	0.0401	0.2870	0.0912	0.0407	0.2869	0.0922	0.0469	0.3039
SSB32	0.0391	0.0784	0.0862	0.0339	0.0106	0.0263	0.0766	0.0105	0.0269	0.0848	0.0124	0.0400
SSB33	0.0164	0.0531	0.0553	0.0205	0.0104	0.0172	0.0569	0.0104	0.0169	0.0592	0.0124	0.0182
SSB34	0.0123	0.0506	0.0511	0.0185	0.0102	0.0132	0.0573	0.0103	0.0135	0.0591	0.0122	0.0139
SSB41	0.2405	0.2860	0.3480	0.0350	0.0206	0.2537	0.0896	0.0205	0.2538	0.0909	0.0251	0.3143
SSB42	0.1120	0.1762	0.1923	0.0446	0.0122	0.1082	0.1165	0.0123	0.1082	0.1183	0.0142	0.1412
SSB43	0.0184	0.0837	0.0879	0.0273	0.0104	0.0178	0.0894	0.0103	0.0180	0.0938	0.0123	0.0194

Case	Perfect	ManyOrs	Candchk
SSB11	0.1052	0.1534	0.2221
SSB12	0.0185	0.0593	0.0673
SSB13	0.0184	0.0469	0.0520
SSB21	0.1141	0.1437	0.1571
SSB22	0.0289	0.0648	0.0756
SSB23	0.0164	0.0205	0.0305
SSB31	0.2800	0.3284	0.3357
SSB32	0.0429	0.0821	0.0960
SSB33	0.0205	0.0553	0.0600
SSB34	0.0164	0.0529	0.0546
SSB41	0.2374	0.2846	0.3253
SSB42	0.1119	0.1752	0.1876
SSB43	0.0246	0.0859	0.0898

Seletiv	Method1	Method2
0.01000	0.0231	0.0247
0.02000	0.0304	0.0322
0.03000	0.0384	0.0389
0.04000	0.0435	0.0444
0.05000	0.0550	0.0519
0.06000	0.0717	0.0621
0.07000	0.0777	0.0711
0.08000	0.0847	0.0750

Skew	BitW	Seletiv	Join	Perfect	ManyOrs	CandChk	PftStg1	PftStg2	PftStg3	OrsStg1	OrsStg2	OrsStg3	ChkStg1	ChkStg2	ChkStg3	WAH
1.04	16	0.00781	0.4339	0.0231	0.0765	0.0783	0.0199	0.0105	0.0154	0.0849	0.0102	0.0157	0.0906	0.0124	0.0159	0.0
1.04	16	0.01562	0.4735	0.0277	0.0776	0.0810	0.0198	0.0103	0.0156	0.0849	0.0103	0.0158	0.0911	0.0124	0.0160	0.0
1.04	16	0.03125	0.5062	0.0406	0.0841	0.1024	0.0257	0.0107	0.0181	0.0886	0.0106	0.0182	0.0995	0.0125	0.0320	0.0
1.04	16	0.06250	0.5566	0.0650	0.1164	0.1648	0.0402	0.0147	0.0545	0.0955	0.0156	0.0553	0.0959	0.0202	0.1227	0.0
1.04	16	0.12500	0.6259	0.1047	0.1591	0.2461	0.0442	0.0355	0.0949	0.0974	0.0328	0.0898	0.0963	0.0423	0.1927	0.0
1.04	32	0.00781	0.6151	0.0234	0.0770	0.0776	0.0198	0.0103	0.0154	0.0831	0.0104	0.0153	0.0896	0.0123	0.0156	0.0911
1.04	32	0.01562	0.6464	0.0274	0.0814	0.0801	0.0199	0.0103	0.0155	0.0837	0.0104	0.0156	0.0907	0.0125	0.0159	0.1375
1.04	32	0.03125	0.6961	0.0399	0.0856	0.1019	0.0257	0.0106	0.0179	0.0879	0.0105	0.0178	0.0991	0.0125	0.0330	0.1528
1.04	32	0.06250	0.7658	0.0634	0.1159	0.1845	0.0401	0.0146	0.0542	0.0950	0.0148	0.0543	0.0934	0.0201	0.1525	0.1698
1.04	32	0.12500	0.8223	0.1042	0.1571	0.2719	0.0423	0.0329	0.0893	0.0973	0.0330	0.0896	0.0937	0.0419	0.2275	0.1620
1.08	16	0.00781	0.4265	0.0234	0.0764	0.0774	0.0197	0.0104	0.0154	0.0849	0.0101	0.0159	0.0914	0.0139	0.0173	0.0
1.08	16	0.01562	0.4660	0.0262	0.0772	0.0794	0.0198	0.0104	0.0155	0.0848	0.0102	0.0158	0.0908	0.0122	0.0158	0.0
1.08	16	0.03125	0.4982	0.0384	0.0816	0.0954	0.0231	0.0105	0.0176	0.0866	0.0105	0.0179	0.1018	0.0166	0.0276	0.0
1.08	16	0.06250	0.5429	0.0565	0.1073	0.1385	0.0416	0.0166	0.0475	0.0955	0.0136	0.0432	0.0956	0.0155	0.0999	0.0
1.08	16	0.12500	0.6170	0.0999	0.1535	0.2805	0.0422	0.0307	0.0869	0.0972	0.0308	0.0866	0.0968	0.0555	0.2218	0.0
1.08	32	0.00781	0.6116	0.0228	0.0770	0.0772	0.0198	0.0104	0.0155	0.0830	0.0103	0.0154	0.0920	0.0156	0.0211	0.0885
1.08	32	0.01562	0.6421	0.0261	0.0779	0.0792	0.0198	0.0103	0.0155	0.0861	0.0125	0.0175	0.0904	0.0124	0.0158	0.1291
1.08	32	0.03125	0.6868	0.0444	0.0830	0.0949	0.0233	0.0104	0.0175	0.0860	0.0105	0.0176	0.0978	0.0123	0.0219	0.1519
1.08	32	0.06250	0.7514	0.0563	0.1076	0.1459	0.0407	0.0139	0.0422	0.0953	0.0138	0.0424	0.0926	0.0156	0.1151	0.1631
1.08	32	0.12500	0.8190	0.0991	0.1528	0.3151	0.0421	0.0306	0.0870	0.0973	0.0315	0.0889	0.0933	0.0554	0.2664	0.1621
1.12	16	0.00781	0.4246	0.0226	0.0764	0.0772	0.0198	0.0103	0.0155	0.0848	0.0101	0.0158	0.0902	0.0122	0.0158	0.0
1.12	16	0.01562	0.4678	0.0259	0.0772	0.0795	0.0198	0.0105	0.0155	0.0849	0.0104	0.0158	0.0908	0.0124	0.0158	0.0
1.12	16	0.03125	0.4977	0.0378	0.0809	0.0939	0.0229	0.0105	0.0175	0.0867	0.0105	0.0178	0.0984	0.0124	0.0212	0.0
1.12	16	0.06250	0.5397	0.0564	0.1071	0.1360	0.0416	0.0135	0.0411	0.0964	0.0134	0.0410	0.0954	0.0150	0.0974	0.0
1.12	16	0.12500	0.6094	0.0965	0.1496	0.2401	0.0421	0.0287	0.0846	0.0970	0.0287	0.0842	0.0960	0.0410	0.1879	0.0
1.12	32	0.00781	0.6102	0.0226	0.0769	0.0786	0.0222	0.0128	0.0181	0.0829	0.0103	0.0155	0.0895	0.0124	0.0156	0.0883
1.12	32	0.01562	0.6436	0.0263	0.0780	0.0792	0.0197	0.0104	0.0156	0.0838	0.0103	0.0154	0.0903	0.0124	0.0157	0.1275
1.12	32	0.03125	0.6900	0.0380	0.0827	0.0935	0.0227	0.0105	0.0172	0.0855	0.0105	0.0171	0.0976	0.0125	0.0212	0.1521
1.12	32	0.06250	0.7511	0.0550	0.1062	0.1423	0.0411	0.0136	0.0413	0.0958	0.0135	0.0419	0.0927	0.0150	0.1119	0.1630
1.12	32	0.12500	0.8156	0.0958	0.1489	0.2675	0.0420	0.0287	0.0838	0.0970	0.0287	0.0840	0.0937	0.0410	0.2250	0.1627
1.16	16	0.00781	0.4196	0.0228	0.0761	0.0774	0.0198	0.0103	0.0157	0.0848	0.0103	0.0157	0.0904	0.0123	0.0158	0.0
1.16	16	0.01562	0.4666	0.0260	0.0771	0.0795	0.0198	0.0104	0.0154	0.0850	0.0104	0.0157	0.0907	0.0123	0.0159	0.0
1.16	16	0.03125	0.5016	0.0377	0.0811	0.0935	0.0228	0.0105	0.0171	0.0865	0.0106	0.0176	0.0986	0.0123	0.0209	0.0
1.16	16	0.06250	0.5397	0.0566	0.1077	0.1366	0.0412	0.0136	0.0421	0.0957	0.0136	0.0421	0.0952	0.0150	0.0981	0.0
1.16	16	0.12500	0.6054	0.0975	0.1508	0.2354	0.0421	0.0290	0.0853	0.0970	0.0290	0.0854	0.0960	0.0394	0.1847	0.0
1.16	32	0.00781	0.6080	0.0226	0.0768	0.0773	0.0197	0.0103	0.0156	0.0830	0.0103	0.0155	0.0894	0.0124	0.0157	0.0884
1.16	32	0.01562	0.6422	0.0257	0.0778	0.0792	0.0197	0.0103	0.0154	0.0834	0.0102	0.0153	0.0903	0.0124	0.0157	0.1275
1.16	32	0.03125	0.6926	0.0371	0.0826	0.0936	0.0226	0.0105	0.0171	0.0853	0.0106	0.0171	0.0975	0.0124	0.0211	0.1524
1.16	32	0.06250	0.7554	0.0559	0.1070	0.1430	0.0408	0.0136	0.0415	0.0960	0.0149	0.0434	0.0925	0.0153	0.1123	0.1629
1.16	32	0.12500	0.8169	0.0966	0.1503	0.2618	0.0442	0.0313	0.0879	0.0970	0.0289	0.0853	0.0933	0.0395	0.2202	0.1636
1.20	16	0.00781	0.4139	0.0228	0.0763	0.0772	0.0198	0.0103	0.0154	0.0849	0.0101	0.0157	0.0903	0.0122	0.0158	0.0
1.20	16	0.01562	0.4618	0.0261	0.0770	0.0795	0.0198	0.0104	0.0155	0.0849	0.0103	0.0158	0.0928	0.0155	0.0200	0.0
1.20	16	0.03125	0.5021	0.0379	0.0812	0.0942	0.0224	0.0106	0.0172	0.0865	0.0106	0.0176	0.0984	0.0124	0.0212	0.0
1.20	16	0.06250	0.5428	0.0565	0.1073	0.1367	0.0413	0.0135	0.0416	0.0958	0.0134	0.0417	0.0953	0.0149	0.0980	0.0
1.20	16	0.12500	0.6022	0.0966	0.1494	0.2304	0.0420	0.0288	0.0845	0.0971	0.0287	0.0845	0.0958	0.0383	0.1818	0.0
1.20	32	0.00781	0.6068	0.0230	0.0766	0.0771	0.0197	0.0103	0.0154	0.0830	0.0103	0.0154	0.0892	0.0123	0.0156	0.0884
1.20	32	0.01562	0.6407	0.0260	0.0779	0.0794	0.0198	0.0103	0.0155	0.0833	0.0103	0.0154	0.0903	0.0123	0.0156	0.1264
1.20	32	0.03125	0.6927	0.0370	0.0823	0.0939	0.0227	0.0105	0.0172	0.0853	0.0104	0.0171	0.0977	0.0124	0.0215	0.1524
1.20	32	0.06250	0.7587	0.0556	0.1072	0.1424	0.0407	0.0137	0.0429	0.0956	0.0135	0.0428	0.0926	0.0151	0.1120	0.1632
1.20	32	0.12500	0.8191	0.0958	0.1488	0.2569	0.0420	0.0286	0.0841	0.0969	0.0288	0.0841	0.0937	0.0383	0.2144	0.1625
